1.573623061180114746e+00
1.534543670960084372e+00
9.328867628052220917e-01
1.581287334770593578e+00
1.481326785002597735e+00
9.439968886267062764e-01
1.578809539611527590e+00
1.438214559981574547e+00
1.505192874160763639e+00
9.436930909841758641e-01
1.578851234434464068e+00
1.451330332650658805e+00
1.503026470464357445e+00
1.537032639932257139e+00
1.471334660684189721e+00
1.542015525338162885e+00
9.612205050980768828e-01
1.576441637873682078e+00
1.433548602819550766e+00
1.505960628277139390e+00
9.802482284691067527e-01
