5.547807812690734863e-01
2.516224151424302669e+00
2.113850861770238510e+00
2.212348841814306244e+00
2.190548307412845563e+00
2.193504792371286705e+00
2.192780664821376568e+00
2.192954955564911490e+00
2.192872582457812136e+00
2.192967917902552522e+00
2.192963920057727556e+00
2.192948208270609101e+00
2.192958628275096800e+00
2.192859482999800935e+00
2.192898782461761620e+00
2.193060843475064914e+00
2.192856992857098231e+00
2.192975634991922718e+00
2.192969861203586390e+00
2.192951260522526091e+00
2.192998150076359565e+00
