7.600798355123125738e+00
4.203108329564274825e+00
4.827412872939057742e+00
4.186400947034847775e+00
2.781821602926234593e+00
1.831973454260113821e+00
2.108305290723217151e+00
2.368531891184797455e+00
2.099362733170293538e+00
1.708995593596452922e+00
1.035210423297052706e+00
8.905426532157696418e-01
8.981889543616147220e-01
6.590197930524802628e-01
3.595259753453347029e-01
3.830163613583198456e-01
3.433164328870890736e-01
2.902663258537403479e-01
2.530293829785700277e-01
2.231070046950778540e-01
2.236618661577702560e-01
1.883170727457250115e-01
1.698051678801216491e-01
1.488619671603473860e-01
1.466080133385885553e-01
1.436613067603039473e-01
1.692042556400739639e-01
1.595697480019673264e-01
1.401603030932356553e-01
1.480363276364819736e-01
1.605146504021005005e-01
1.559146536947857153e-01
1.421743065500288561e-01
1.210813984327901438e-01
1.208478605711228171e-01
1.368078119924264480e-01
1.367118869962425376e-01
1.427077216788468217e-01
1.204544028498031744e-01
1.257337756653448269e-01
1.345208498323658686e-01
1.296117612027131993e-01
1.172752346621569325e-01
1.117361634717566748e-01
1.003465728315798694e-01
9.889038290298778067e-02
9.425197402206079988e-02
1.083137111275244008e-01
1.132546747629874090e-01
1.126189376834016431e-01
1.265037515214829933e-01
1.168595476894313950e-01
1.171439667304057936e-01
1.158232869567816653e-01
9.745797872073322377e-02
9.898412518875238097e-02
1.140536349541053235e-01
1.089096368266156412e-01
1.005645206070294312e-01
1.020700078735758548e-01
1.024489667790070696e-01
1.036132928474534781e-01
9.977258396383406613e-02
1.010314287111937215e-01
1.102526100510951845e-01
1.137129765368549150e-01
1.062993987148294212e-01
9.533279097353275500e-02
9.035142389790967732e-02
9.588557497561811527e-02
9.702794093680044973e-02
8.937777964413316789e-02
8.838981817410232478e-02
9.276123918030867999e-02
8.660512588499966191e-02
9.094983759973628012e-02
9.497081546922502004e-02
9.602226738861048549e-02
8.973935298965371454e-02
8.226056768223879989e-02
8.775394750347562112e-02
8.804632097946710201e-02
8.424967786523984703e-02
8.411261086818191957e-02
8.074237619134778943e-02
7.983129599884616900e-02
8.026028726491811482e-02
9.118016097713319001e-02
8.548587836025206554e-02
8.922141204581643392e-02
8.341742451518349699e-02
8.311327678482363646e-02
7.942928009181282611e-02
7.961359447586972837e-02
8.078299069068352323e-02
7.311170528022205295e-02
7.332887912485688831e-02
7.123356083429829844e-02
7.010276596453240971e-02
7.336170131853016196e-02
7.734155913343566946e-02
8.076593742220397609e-02
7.776715191145561201e-02
7.733944670701625723e-02
7.715163155327812994e-02
7.776395828490553774e-02
7.096153130497023787e-02
7.059102131347971820e-02
7.530143656579933731e-02
7.266303792681282070e-02
6.831604761323790964e-02
6.635677146641227875e-02
6.539483447450455955e-02
6.367858871149441324e-02
5.982249522448533641e-02
6.749811484305126563e-02
6.750766946686580228e-02
6.736049447815736779e-02
6.331857477469558793e-02
6.352505256542774481e-02
6.569078198833007420e-02
5.897632358959490478e-02
5.830086646795751976e-02
5.778359408627302407e-02
5.688159570316143887e-02
5.793629882217498500e-02
5.963010193961396782e-02
6.062277905688451957e-02
5.883681607474982450e-02
5.970799732691618733e-02
5.686923557594217304e-02
5.656440420807815062e-02
5.693760759111503311e-02
5.958018905873706250e-02
5.598941156642636696e-02
5.666837762770147308e-02
5.615669548409522177e-02
5.189219353722868133e-02
4.949640866976528358e-02
5.002588387232984046e-02
5.408220985320690705e-02
4.895859543373756034e-02
4.845439888734858619e-02
5.188918674287600064e-02
4.974093660833674851e-02
4.839068887076294900e-02
4.654607568134797729e-02
4.547138720380277527e-02
4.551793095840769160e-02
4.511892971952356085e-02
4.606794536861305578e-02
4.576536170619139449e-02
4.582770502369865745e-02
4.597888576248829878e-02
4.578118919486672683e-02
4.494879177210212018e-02
4.310560696752795823e-02
3.841314161968177598e-02
4.235987995258058691e-02
4.129537597489325168e-02
4.112126252372315383e-02
4.037319960024277760e-02
3.862293264492282913e-02
3.935251326737434358e-02
4.051481611351821083e-02
3.817803477269919588e-02
3.704497453616524549e-02
3.681742442886339062e-02
3.687484533771557410e-02
3.699407076659214089e-02
3.444726165421942848e-02
3.549312050986819234e-02
3.583432669691868216e-02
3.695581550520920383e-02
3.721999230559687455e-02
3.696898621110171479e-02
3.818619156772030954e-02
3.594089226943646825e-02
3.220248573449494001e-02
3.221465468370700996e-02
3.294206941100579628e-02
3.149627411196143784e-02
3.343455348971857699e-02
3.405064016616140415e-02
3.267254243826497873e-02
3.315254999280502907e-02
3.109041693340173357e-02
2.964309577486224853e-02
3.095503996964747012e-02
2.998018349048477485e-02
3.069337706999218304e-02
3.074376237652756347e-02
2.845433224895700663e-02
2.817068653579130055e-02
2.794814050413761339e-02
2.990760134595442030e-02
2.778540181717739990e-02
2.873908429765028444e-02
2.797775097110166698e-02
2.786527933532054191e-02
2.766389753256581416e-02
2.598315160351333600e-02
2.474651910854843567e-02
2.374509582684340703e-02
2.430787407142537618e-02
2.378561766907924882e-02
2.417486745229869075e-02
2.540841299128015693e-02
2.539651924190940158e-02
2.449245276325100543e-02
2.175128339218391008e-02
2.282954338665591290e-02
2.409743921197722225e-02
2.230856218434635815e-02
2.219519135230773113e-02
2.262585139569179074e-02
2.214990279404541532e-02
2.156691525141430504e-02
2.038476287132691411e-02
2.089673763504126466e-02
1.998713882982267737e-02
1.906621327789564946e-02
1.878878713637156805e-02
1.858617937434484807e-02
1.894182238272561908e-02
1.819187892261190514e-02
1.815861386107493758e-02
1.801774769757088362e-02
1.797866634832354094e-02
1.895105305824315578e-02
1.737134148790168628e-02
1.765384807497604597e-02
1.732582241163403008e-02
1.789714095360220303e-02
1.683698326417750260e-02
1.698839829657538408e-02
1.603877335353605729e-02
1.618804589680809466e-02
1.572709958466898122e-02
1.544203153906972131e-02
1.525181362841366260e-02
1.515762509818659523e-02
1.531978743605777113e-02
1.410806742065158492e-02
1.440046468864756950e-02
1.401592170637397904e-02
1.386487388544979660e-02
1.364591350977636432e-02
1.426783586332339322e-02
1.341699855324721136e-02
1.335375823764624499e-02
1.364578693185192204e-02
1.282177980998221341e-02
1.335962192071624317e-02
1.312356630016969783e-02
1.263158799326350758e-02
1.231294957456566079e-02
1.179900911722752549e-02
1.249730152914783898e-02
1.179460281831441922e-02
1.214195743660635533e-02
1.167025579252752888e-02
1.148924063853438982e-02
1.146945230919022528e-02
1.116752299002076419e-02
1.137863862454145496e-02
1.102919015971878629e-02
1.039397612580543993e-02
1.091546101027801585e-02
1.047982483164687680e-02
9.996230800894356089e-03
9.901338474596834902e-03
1.000480046539836167e-02
9.792458895261339433e-03
9.504824019284636646e-03
9.335231482667032468e-03
9.521171156834384169e-03
8.755967976961072721e-03
9.108160649858034266e-03
9.234517231944038007e-03
9.022555452687647595e-03
8.381490453883337285e-03
8.161063556975519176e-03
8.396236589883214821e-03
8.503086814036255048e-03
8.163860799829137163e-03
7.974245085095778979e-03
7.899561008999836723e-03
8.138188932411045268e-03
8.026183743916427693e-03
7.836556858070930012e-03
7.464494535556771143e-03
7.178892541436051461e-03
7.589858895965028406e-03
7.386679784874459857e-03
7.414489222411258483e-03
7.207553338187653452e-03
7.482766171231683416e-03
7.055142865841575878e-03
6.677977835062167723e-03
6.665956852841810852e-03
6.716119941188547666e-03
6.486777687181038629e-03
6.512982365982672613e-03
6.733630984361807341e-03
6.482373495389270879e-03
6.281440880814327839e-03
6.157580907154567781e-03
6.107959074471548330e-03
6.352618222782361983e-03
6.018385079331661260e-03
6.183251842146311739e-03
5.745819943887339916e-03
5.739787235870342022e-03
6.019592964199453611e-03
5.896059050711538636e-03
5.822882763123089604e-03
5.724689809218148906e-03
5.373311938584980976e-03
5.444295104339547456e-03
5.280879782074140300e-03
5.345868217442793953e-03
5.251337630095954598e-03
5.351402361941061218e-03
5.251094681971359146e-03
5.284279454708671990e-03
5.030425461965023354e-03
4.744797610292879851e-03
4.825739152224789962e-03
4.992355994288921565e-03
4.782707784133623241e-03
4.692409797174952601e-03
4.542894241029553533e-03
4.566167353288142113e-03
4.519855747633780112e-03
4.602454843301460527e-03
4.600364367899859031e-03
4.661716372212781206e-03
4.418370959800518166e-03
4.476350692501869684e-03
4.343080322411985161e-03
4.257219722068585933e-03
4.471109996688798355e-03
4.185574374191315151e-03
4.143390978011847123e-03
4.192323731036658695e-03
4.178948059966255957e-03
4.235157015584538678e-03
4.014567377945613309e-03
3.899566155442470237e-03
3.837665033796817428e-03
3.854613695729343283e-03
3.991213966867746855e-03
3.853904771931792369e-03
3.635059476217552751e-03
3.702674214217288855e-03
3.711318711148781264e-03
3.594888217817213995e-03
3.648136637532745953e-03
3.638535449117583000e-03
3.790357790780093591e-03
3.688337607884059361e-03
3.779653287956364488e-03
3.790249320422155264e-03
3.559394633766939549e-03
3.302668209964254673e-03
3.437213678662344798e-03
3.284639930542527370e-03
3.447740204050506446e-03
3.425292053786837751e-03
3.262712410762528235e-03
3.118788917240444564e-03
3.179656938553178640e-03
3.120163491918390587e-03
3.122450765520132666e-03
3.030990840354279552e-03
3.117531197033820891e-03
3.035301409500691834e-03
3.068844550238392869e-03
2.970603469515142956e-03
2.901398302805510178e-03
2.923050403276589593e-03
3.014465943571263250e-03
2.832394571122752187e-03
2.841111157386575891e-03
2.795464181458934792e-03
2.898165547311922635e-03
2.806361326205731536e-03
2.826378371174000440e-03
2.687822749729590344e-03
2.689202805893222727e-03
2.612069488592543877e-03
2.684392463131271469e-03
2.635881905146537658e-03
2.665543087949882439e-03
2.613142218089197031e-03
2.550942450812801205e-03
2.517058773856566904e-03
2.452541184067617407e-03
2.436144915626545834e-03
2.454496104006079378e-03
2.362738119419966615e-03
2.434056524768525055e-03
2.428178078595097031e-03
2.543581190285927260e-03
2.335664580906989061e-03
2.335696917228010077e-03
2.266795368024228548e-03
2.202696665911399888e-03
2.226909524899635482e-03
2.226847681749732303e-03
2.109135728374047971e-03
2.124156072894527961e-03
2.255095177830155478e-03
2.217171627711814804e-03
2.252189778058093575e-03
2.090519411699153386e-03
2.147104083409770783e-03
2.112250167242838914e-03
2.102941521052081788e-03
2.094561255195597719e-03
2.050310965980085050e-03
2.011653589314350756e-03
1.975418859101329191e-03
1.933055995645617314e-03
1.967756815894337093e-03
2.066825217335523709e-03
2.037331414761934731e-03
1.960825351737418513e-03
1.918230309647358037e-03
1.857768666942048990e-03
1.907746129276552665e-03
1.925316356093135063e-03
1.911932072589531042e-03
1.878012692570762109e-03
1.907791181744759260e-03
1.896177769821124790e-03
1.862407765061613188e-03
1.699989852934534256e-03
1.783223668565376034e-03
1.818274448656016350e-03
1.727554221212073251e-03
1.793798119710472965e-03
1.830036727367845154e-03
1.742334325717941231e-03
1.688481333852329602e-03
1.687265084648922279e-03
1.682239324144310004e-03
1.654089469950313336e-03
1.637894134679472417e-03
1.664201041030543681e-03
1.712043926406624271e-03
1.648526768579282233e-03
1.675382066225565613e-03
1.633044684832127367e-03
1.595710424468781054e-03
1.588277864851994625e-03
1.652413270908139383e-03
1.618232661437774608e-03
1.604860584271705073e-03
1.632473865587323559e-03
1.550779134185711981e-03
1.485956121787734927e-03
1.478765742178000855e-03
1.539700834206016514e-03
1.449769135826673534e-03
1.488329454404106831e-03
1.431729511330518583e-03
1.480181045074767604e-03
1.504537657272547822e-03
1.454408391689987002e-03
1.450797094713489202e-03
1.416683045021927337e-03
1.460510828300115929e-03
1.446698352360520053e-03
1.382681085986846954e-03
1.412953681355608865e-03
1.427629012081507807e-03
1.383198225829256316e-03
1.412172019945320952e-03
1.397611645581882866e-03
