0.000000000000000000e+00
2.877496631833536878e+00
2.298188802966201649e+00
2.551230509007075931e+00
2.495574882723700760e+00
2.505448270215600015e+00
2.516217651950106493e+00
2.494136867952709835e+00
2.505633796879922048e+00
2.518245983800996513e+00
2.498246934669169583e+00
2.497904714475471355e+00
2.494294547859443600e+00
2.505614186153322986e+00
2.518246027033629986e+00
2.498246409659031553e+00
2.498020099954716411e+00
2.497472128395994417e+00
2.507568256928326633e+00
2.512360639275301732e+00
2.500636673699067281e+00
