1.000394900188520841e+00
1.002731258149202942e+00
1.007728608513577262e+00
1.014740693013697292e+00
1.022734020254807419e+00
1.031827633383647802e+00
1.042566890034910987e+00
1.054018855197620841e+00
1.065167533112926224e+00
1.074477375131849710e+00
1.083556593666109791e+00
1.091440744922663963e+00
1.095978595564824243e+00
1.100386279355884955e+00
1.098927115803511212e+00
1.097285600075689427e+00
1.091835608140353742e+00
1.083809735523982409e+00
1.075502888334476381e+00
1.058648789418854319e+00
1.044990032889099085e+00
1.025350494501175325e+00
1.007511954285766453e+00
9.892359429343082766e-01
9.649132818248749022e-01
9.449978109768183421e-01
9.232264682331366989e-01
9.031006860876334974e-01
8.833507546066636795e-01
8.645497742798508023e-01
8.478081389632660114e-01
8.307255246267869486e-01
8.168007132651275981e-01
8.039557635386263001e-01
7.934892248137229709e-01
7.842930181084153407e-01
7.775163285627058052e-01
7.701498044028236567e-01
7.653694047579018278e-01
7.606876089403343810e-01
7.581877017232432348e-01
7.557628238561751033e-01
7.531145636258658183e-01
7.521362871360809388e-01
7.501424684622625128e-01
7.489365221084166580e-01
7.474740014934304622e-01
7.459115203825606999e-01
7.438363494954434163e-01
7.416958052680711067e-01
7.391598469099076585e-01
7.369210082134156625e-01
7.337746999786762814e-01
7.299643018861098342e-01
7.271148953959636341e-01
7.231640462246636814e-01
7.196932736963141952e-01
7.149568552664471444e-01
7.109704710762932978e-01
7.076646900772319837e-01
7.033767849056007382e-01
6.987506188700836063e-01
6.951347326851907704e-01
6.910530159028429598e-01
6.876992654808835592e-01
6.836137774341553008e-01
6.799685781139179763e-01
6.766881082974502970e-01
6.731502038099056451e-01
6.699156304077991120e-01
6.667192371804413487e-01
6.632527475640532799e-01
6.606357187482252424e-01
6.573882264594079761e-01
6.540149825558382313e-01
6.514353247499526933e-01
6.482804561295666401e-01
6.458528849615220446e-01
6.424838689634250199e-01
6.398464933858916126e-01
6.369122711674672921e-01
6.336834312841153061e-01
6.315583957190028519e-01
6.282737906639553893e-01
6.258831146689188829e-01
6.226638268332882475e-01
6.199474055162749186e-01
6.173254024291910946e-01
6.143707647633396274e-01
6.123234129796826242e-01
6.089101440560535927e-01
6.069914487328098573e-01
6.039809083443421489e-01
6.013379646777977650e-01
5.997254788197392550e-01
5.967974267798948906e-01
5.949267901317445428e-01
5.920697967866836997e-01
5.900507373846755055e-01
5.882521530625000050e-01
5.854111205447741773e-01
5.837273386630025263e-01
5.806733088304860679e-01
5.792700459734587692e-01
5.768944063076104634e-01
5.741314922903650864e-01
5.725840482025119638e-01
5.698168913834174010e-01
5.681344853044885124e-01
5.654272315139997618e-01
5.627023670092355934e-01
5.612831664288966405e-01
5.581521466379180119e-01
5.565283029994859687e-01
5.536165342986102411e-01
5.516166963883275542e-01
5.496228840440100516e-01
5.464298678244953189e-01
5.451760823849868265e-01
5.422524842304107251e-01
5.405830062428926830e-01
5.380748501922931748e-01
5.355264627986103809e-01
5.341813443279228579e-01
5.313433178505451160e-01
5.299024418353637245e-01
5.271193203609014777e-01
5.249880883744374449e-01
5.234489705438296614e-01
5.205864877179362527e-01
5.191309482584320900e-01
5.164749282123406449e-01
5.145603138209079441e-01
5.123082171340322954e-01
5.095819900564066973e-01
5.082193273229176356e-01
5.052906336704787726e-01
5.034684055161068317e-01
5.011555322323981709e-01
4.982954735489243392e-01
4.969369916370299789e-01
4.937861783786493541e-01
4.921833354967648511e-01
4.893087405702744586e-01
4.871575136212188961e-01
4.851803283405689560e-01
4.826595385849981601e-01
4.809566136773185119e-01
4.781402316077716930e-01
4.763843421574752712e-01
4.740712330211146464e-01
4.717124354770448891e-01
4.702622417492488549e-01
4.676715180649552162e-01
4.659532088834096308e-01
4.637355878144451826e-01
4.618572498511442359e-01
4.602456942858054734e-01
4.576355257959615064e-01
4.563814169462513393e-01
4.539014896443436808e-01
4.525351066432950486e-01
4.504651123736019835e-01
4.481539020704818910e-01
4.471417620809542970e-01
4.445314540018976968e-01
4.430884036574981866e-01
4.410406760137934867e-01
4.388741976850944471e-01
4.376968525602977778e-01
4.352168627658022371e-01
4.337484279623725625e-01
4.316117852300782043e-01
4.297219042911919473e-01
4.281215587738853579e-01
4.256669023895489623e-01
4.244352926369372447e-01
4.222905867412586334e-01
4.205534111620116700e-01
4.186863482104481449e-01
4.164319353876440033e-01
4.152359730692994910e-01
4.128425764261604014e-01
4.113810299449909280e-01
4.091999578343872845e-01
4.073195716462527649e-01
4.056946337908846623e-01
4.035704383800028938e-01
4.020932062283456010e-01
4.000184303041393052e-01
3.982703985679110770e-01
3.963257330748407581e-01
3.942580975783130937e-01
3.928654966301460272e-01
3.907841004522544792e-01
3.893349778785069049e-01
3.871209836834136331e-01
3.852297041297969016e-01
3.838277341308714008e-01
3.816856987614122287e-01
3.803928639621930174e-01
3.779491595999834308e-01
3.766208389362487585e-01
3.747002444784543473e-01
3.729651631128219624e-01
3.714696155108577758e-01
3.692928714835804760e-01
3.681433305046220572e-01
3.661714515239578582e-01
3.641295984876572467e-01
3.629762374791254964e-01
3.608524866714484247e-01
3.595420841891569519e-01
3.576457687562326626e-01
3.559112212526159835e-01
3.543252559929998546e-01
3.522864866852373766e-01
3.511314017133203014e-01
3.489945909481967368e-01
3.475039614837872604e-01
3.458213053057636044e-01
3.439794768022844118e-01
3.424878923833801214e-01
3.404802778494006588e-01
3.390974397816838848e-01
3.371984253923524522e-01
3.355517769518311377e-01
3.339201903600970134e-01
3.320586746480988505e-01
3.306948321170185556e-01
3.288193304135585415e-01
3.272261420741480187e-01
3.256061976671088543e-01
3.238281254939901488e-01
3.225269160656931144e-01
3.206002083062168828e-01
3.192459974495212016e-01
3.175687269874507002e-01
3.158865425468850296e-01
3.146931677123049331e-01
3.127510858463992127e-01
3.115226170050514609e-01
3.098901175210964087e-01
3.083363909084811394e-01
3.069296442015433946e-01
3.052455610072397629e-01
3.041070767233615690e-01
3.022765025683743501e-01
3.009559806145897798e-01
2.994836062050375558e-01
2.978330111075535025e-01
2.967781332947040385e-01
2.948967682622526398e-01
2.936485627758725903e-01
2.921651600883473643e-01
2.906271249605180129e-01
2.892316002137835240e-01
2.876610291244534601e-01
2.864102330906926897e-01
2.848762917563378294e-01
2.833974480291295284e-01
2.820184984406978179e-01
2.804834281977652277e-01
2.793154026489863551e-01
2.776096812573980444e-01
2.763498465359450762e-01
2.748094137597346664e-01
2.734526781537612306e-01
2.721781899419265516e-01
2.705314235572943704e-01
2.693515315746640715e-01
2.678059475358451347e-01
2.665155417138545535e-01
2.649807342946052247e-01
2.635675686932260620e-01
2.624355218059905570e-01
2.608454530292654283e-01
2.595267543304512481e-01
2.581144834035604685e-01
2.566772375108690718e-01
2.555908326995755542e-01
2.539448730575130098e-01
2.527650842491816485e-01
2.512931943787737876e-01
2.500015874360804746e-01
2.486664607806212679e-01
2.472064314587639200e-01
2.460680705060150630e-01
2.446662179015862970e-01
2.434113944579170408e-01
2.419725849991782030e-01
2.406010250919418669e-01
2.395697289895690751e-01
2.380885406131909576e-01
2.369030759601496727e-01
2.354616284635819845e-01
2.342202751113241777e-01
2.330323098721596986e-01
2.315380605927765956e-01
2.305159766308132741e-01
2.291122637449539423e-01
2.279062115769680541e-01
2.265693987699561873e-01
2.252264136288260887e-01
2.241850957279335754e-01
2.227495874958462241e-01
2.216532195985410625e-01
2.203017124631304058e-01
2.189003259240184796e-01
2.180114241782218354e-01
2.165623714383027865e-01
2.154628754426300696e-01
2.141489178731601495e-01
2.129783465608138804e-01
2.118059459959886759e-01
2.104411691871668766e-01
2.094943851130796619e-01
2.081966688692650780e-01
2.071160489892139300e-01
2.059227837923057192e-01
2.046393814775779030e-01
2.037564054479854558e-01
2.024171751300505862e-01
2.014506280750046618e-01
2.001517383444906262e-01
1.990993112657110375e-01
1.980870857753988523e-01
1.968772629368135685e-01
1.958288272117260087e-01
1.946442548011013129e-01
1.936607340850601544e-01
1.925282472637990239e-01
1.913072581754890478e-01
1.903945302069767476e-01
1.891881819057012470e-01
1.882382873795656608e-01
1.870859866918344605e-01
1.859344988338823002e-01
1.850321483322424077e-01
1.837961577239652644e-01
1.829371415918022714e-01
1.816893947494714889e-01
1.807097903215864609e-01
1.797183652879135174e-01
1.785303379769296872e-01
1.775793682101703408e-01
1.764652322443362453e-01
1.755223653048191834e-01
1.744728395920044639e-01
1.733615383242385621e-01
1.724873139287863566e-01
1.713564937077719785e-01
1.704297713661531710e-01
1.693900239944339248e-01
1.683347073264768734e-01
1.674032215714751637e-01
1.663835073790277397e-01
1.654864367599989949e-01
1.643901193130764271e-01
1.634885285030526214e-01
1.625201114050412177e-01
1.615157815304788524e-01
1.606725695532195963e-01
1.595844671139928228e-01
1.587527926451496874e-01
1.577440845115124779e-01
1.568223671655430973e-01
1.559817133144897061e-01
1.549398200861623609e-01
1.541661355746671014e-01
1.531106570738614003e-01
1.522994888376347500e-01
1.514095233632617998e-01
1.504489775127725582e-01
1.496802109886143373e-01
1.486822292024776448e-01
1.478595062299848661e-01
1.469500733534853665e-01
1.460293238192945653e-01
1.452947511556601790e-01
1.442791793467205763e-01
1.435248603890727781e-01
1.425423422447310295e-01
1.416846834489728368e-01
1.408955194786418452e-01
1.399311170529317361e-01
1.392072529014080629e-01
1.381976409949847995e-01
1.374053378652286272e-01
1.365370480720516366e-01
1.356224923674005101e-01
1.349016846955803928e-01
1.339091487142405335e-01
1.331767721084936018e-01
1.322480781321052346e-01
1.313967583313606080e-01
1.306013569780514749e-01
1.296592363353471222e-01
1.289582947005823432e-01
1.280504048655386196e-01
1.272872900326992018e-01
1.264275014441224310e-01
1.255732824508438705e-01
1.248941720466663075e-01
1.239733646238127263e-01
1.232588270266139902e-01
1.224101157994780670e-01
1.216026458430749385e-01
1.209560770342906072e-01
1.200529637559129004e-01
1.193681342460053696e-01
1.185378240990037496e-01
1.178190677394948399e-01
1.170761036384845299e-01
1.162646850929956316e-01
1.156332451833024244e-01
1.147955300131837664e-01
1.141130142171013218e-01
1.133772428972694007e-01
1.126027053302861569e-01
1.119879725045412888e-01
1.111979020990111755e-01
1.105330557609161268e-01
1.098071084826296867e-01
1.090852313520720845e-01
1.084541288477629817e-01
1.076933429389944352e-01
1.070509761905212853e-01
1.063463846264614265e-01
1.056553364354442665e-01
1.050228225617478028e-01
1.042857541208217220e-01
1.036868707407277573e-01
1.029672042464967741e-01
1.023298314194188291e-01
1.016577218299376389e-01
1.009531360612871131e-01
1.003565618148870853e-01
9.966543542068928563e-02
9.904031636149665530e-02
9.837065107084373705e-02
9.770915591821646706e-02
9.708476222701217795e-02
9.641442376360519206e-02
9.580977721359242028e-02
9.512401187967868543e-02
9.453243263111567318e-02
9.388154471998905182e-02
9.323806983724600150e-02
9.266597168182408306e-02
9.200060597877086910e-02
9.142812471189590284e-02
9.076504696872431110e-02
9.019247366936544719e-02
8.958582838218255573e-02
8.896393094487284325e-02
8.843668983318020427e-02
8.777973337453523484e-02
8.723500154016365637e-02
8.663387454022113132e-02
8.604216923265704808e-02
8.554522043285021915e-02
8.491732442815219661e-02
8.441179459324962830e-02
8.380037471961811202e-02
8.323444765707109505e-02
8.274689496567431968e-02
8.213527078348474564e-02
8.167404360188365575e-02
8.106303379373669404e-02
8.056556152307409180e-02
8.001620701367023747e-02
7.946899012428568221e-02
7.902116503587872098e-02
7.842497833382955363e-02
7.796269695804225464e-02
7.742665387181345282e-02
7.687879131325084381e-02
7.645117698992771882e-02
7.589957686876301624e-02
7.545783716132711816e-02
7.492650416608624686e-02
7.444978009738735525e-02
7.397552596734653652e-02
7.346634397551106421e-02
7.305445072587057886e-02
7.253410913710742203e-02
7.209034035405680052e-02
7.161838747585885789e-02
7.113808080829295277e-02
7.073138374575285714e-02
7.021645598570386282e-02
6.982904445288919126e-02
6.934442027170412137e-02
6.890533383471275641e-02
6.847815260015487071e-02
6.800321449172054555e-02
6.763915054788990910e-02
6.716151990413322947e-02
6.676947943132868768e-02
6.632629225618558166e-02
6.588395282110084961e-02
6.551751797783210429e-02
6.507375133745953166e-02
6.469225605746609098e-02
6.427172371908143611e-02
6.386117947214152435e-02
6.348204966417576867e-02
6.305739150721943742e-02
6.270262157098641098e-02
6.229828878471344034e-02
6.192583617094880866e-02
6.154977189955464223e-02
6.114599395140858651e-02
6.080990357898306137e-02
6.040912783779776168e-02
6.006576716171115049e-02
5.969166621371989334e-02
5.931006203580470315e-02
5.899242803032590798e-02
5.859240186893684837e-02
5.827880938914736797e-02
5.790558410305514381e-02
5.755632954406224300e-02
5.721241383415202886e-02
5.683643762576643527e-02
5.653057319914685935e-02
5.617250696977508367e-02
5.584236226312538909e-02
5.550155362945067422e-02
5.516186113577479372e-02
5.485799343800285000e-02
5.450513856208103608e-02
5.418104336605221449e-02
5.386097146879174902e-02
5.353228105883045540e-02
5.323615261255056769e-02
5.290468218448143162e-02
5.259488548577000155e-02
5.228124494238917119e-02
5.198261013780818007e-02
5.167955932299713590e-02
5.136698771040691669e-02
5.108206266892980491e-02
5.078751542859053641e-02
5.049041704120197510e-02
5.019229732175248954e-02
4.989594268004479000e-02
4.963748872023047987e-02
4.933270824030076135e-02
4.905686119538224532e-02
4.877517103963804196e-02
4.849907496891332770e-02
4.823497407384609581e-02
4.795787596771657058e-02
4.769390516457626406e-02
4.741374427417598125e-02
4.718753058523059846e-02
4.690517720741073371e-02
4.664553688099334211e-02
4.640016520409310369e-02
4.616746293412495733e-02
4.590911859107658921e-02
4.565771008090117877e-02
4.542248415966702868e-02
4.520153593723195973e-02
4.496183670375689112e-02
4.473558111380664115e-02
4.450030015555338225e-02
4.429398048719795228e-02
4.407494714004763642e-02
4.384787970928100131e-02
4.363854308453755937e-02
4.341664698863384464e-02
4.322980276455264115e-02
4.300950796597517722e-02
4.279694072132139010e-02
4.259649171639671994e-02
4.241655466276696151e-02
4.220804178326707790e-02
4.200172562744568933e-02
4.180306484218983265e-02
4.162988189357374330e-02
4.142590423297284885e-02
4.123950267995542263e-02
4.103662186156122743e-02
4.085834112089540421e-02
4.067024852669658130e-02
4.048044864336765997e-02
4.029951879220935312e-02
4.010182588160858541e-02
3.993954552988267237e-02
3.974273739882265566e-02
3.956936400678461030e-02
3.938456265677318935e-02
3.921404093326837093e-02
3.903123761032809003e-02
3.883961863590440489e-02
3.867014805587206533e-02
3.850284738108976368e-02
3.832202766866382726e-02
3.815138164989591990e-02
3.797385748383792781e-02
3.780743317252479446e-02
3.763385396241211711e-02
3.745876303896510801e-02
3.728731531688796175e-02
3.712507076509669046e-02
3.696261122667245103e-02
3.679278327752832922e-02
3.663274441231675199e-02
3.647030633027339291e-02
3.631902126110472806e-02
3.615434375075573387e-02
3.600249396659625789e-02
3.585086490786473096e-02
3.570025084072302179e-02
3.555567499619756433e-02
3.540388409739702452e-02
3.526394503657500484e-02
3.512731254888999677e-02
3.498491025249847453e-02
3.484269447668405378e-02
3.470960206758787192e-02
3.458347606627036608e-02
3.445098423710778179e-02
3.432231798282529833e-02
3.418969128354580611e-02
3.406677016410519787e-02
3.395098945715224054e-02
3.381130858258723365e-02
3.370213685372277362e-02
3.356489430198027202e-02
3.346609541038936264e-02
3.333859913754832344e-02
3.320870433931715632e-02
3.310572861569706371e-02
3.297375712931416986e-02
3.287037328678063530e-02
3.275222538204568268e-02
3.262948375211124213e-02
3.253078653977135859e-02
3.240120342027309752e-02
3.230750756520776173e-02
3.218124510410285549e-02
3.208473750384276818e-02
3.199268574953238742e-02
3.185249392862823242e-02
3.176941313711086762e-02
3.164315664842869136e-02
3.157575595804463370e-02
3.145411093041128314e-02
3.136010075832224020e-02
3.125963765917349341e-02
3.114740709951754893e-02
3.107048320101998135e-02
3.096157548145382979e-02
3.087854060028505376e-02
3.079248806512607101e-02
3.067247930814857512e-02
3.061287167326110642e-02
3.049923287949340978e-02
3.042418838608140080e-02
3.033925222519072082e-02
3.023262358299323022e-02
3.017424719585763346e-02
3.006264622282562790e-02
3.000414935946429246e-02
2.990820710405384109e-02
2.982743362072773352e-02
2.977142422359262824e-02
2.965541195533927255e-02
2.960309727027114410e-02
2.950581857318718831e-02
2.944479623057719153e-02
2.938591956874740327e-02
2.927834754101301534e-02
2.923452612307993886e-02
2.913413071037656427e-02
2.908613534016009708e-02
2.900148465984826035e-02
2.893420685708279413e-02
2.889131394456039351e-02
2.877802538558955209e-02
2.873027564393208083e-02
2.865295389970708845e-02
2.858929586212040005e-02
2.854782860339548714e-02
2.843036843613636067e-02
2.839675721683120393e-02
2.830966185967290216e-02
2.824496962696223037e-02
2.817983980423758444e-02
2.810142162449223366e-02
2.804295577066646256e-02
2.794324728173495226e-02
2.788974212940513800e-02
2.778085259120102041e-02
2.769684881478085697e-02
2.744646614592080591e-02
2.687427306314433412e-02
