9.875097837430987235e-01
9.876096302329722132e-01
9.878125245652137343e-01
9.880772042167569325e-01
9.883375149907875912e-01
9.885821050767962248e-01
9.887797609533690579e-01
9.888155511626672833e-01
9.887216349118655989e-01
9.883178997274553179e-01
9.876471744618087190e-01
9.867504360044424550e-01
9.852175683213323376e-01
9.834440792453275071e-01
9.809961828337131484e-01
9.782655779762089443e-01
9.751096831107034513e-01
9.716152860298699068e-01
9.679832060659675497e-01
9.632362690019272700e-01
9.584089946730655063e-01
9.532169291970997715e-01
9.482359459037381644e-01
9.431129096216226415e-01
9.374127948218490269e-01
9.317489420727262939e-01
9.264022341132079896e-01
9.209838856050402978e-01
9.155524449572091106e-01
9.106296983531574352e-01
9.052333326417226766e-01
9.006761656607282784e-01
8.958419161812919418e-01
8.913918676368247640e-01
8.874254921469523216e-01
8.832302398120230880e-01
8.799848768644851216e-01
8.755400178774029873e-01
8.723051513177759730e-01
8.684149153813942590e-01
8.651957155790268583e-01
8.621069594098254019e-01
8.581686700663968548e-01
8.552547112235560078e-01
8.512738976657461265e-01
8.480110106820303306e-01
8.444331405387259792e-01
8.408364837120647639e-01
8.375007576577031543e-01
8.331534301864385039e-01
8.295565288980203400e-01
8.256143025297406624e-01
8.214683490738418081e-01
8.177091137172622926e-01
8.132027722054557817e-01
8.092736175729786652e-01
8.048586843270856273e-01
8.004592449087158945e-01
7.963774396592976368e-01
7.918929056829993041e-01
7.881382203530231667e-01
7.833510607988167784e-01
7.792232344559570922e-01
7.749523940277940337e-01
7.707248961984716207e-01
7.670812970949565379e-01
7.626850106678534358e-01
7.588531618883266328e-01
7.547521585811720612e-01
7.505675146190599056e-01
7.474153584049004762e-01
7.429366582151767373e-01
7.397088054165746884e-01
7.358964693797358514e-01
7.320556251794764213e-01
7.289068210539006998e-01
7.248448587076312677e-01
7.221577487760808545e-01
7.184462277728881352e-01
7.151978018681095506e-01
7.119075504980549862e-01
7.082482418586403261e-01
7.059734157634478535e-01
7.023874386939463754e-01
6.997330383841211532e-01
6.963089879172638108e-01
6.933498029594964418e-01
6.904601375544171526e-01
6.874424542448140940e-01
6.851456440453017604e-01
6.816595001669916165e-01
6.793240981612196361e-01
6.759457033189822939e-01
6.731938521604734493e-01
6.711872439106911781e-01
6.679175193734232518e-01
6.657359061622234453e-01
6.624326911422315778e-01
6.599731504417912786e-01
6.578165744404982362e-01
6.544296140333151213e-01
6.525177224689336919e-01
6.487334951072425415e-01
6.471663403525309555e-01
6.442792933385403931e-01
6.408778924588448556e-01
6.392324458674922827e-01
6.358546426631760395e-01
6.341046133735716017e-01
6.309013171684612065e-01
6.275505616657535146e-01
6.261808531838097824e-01
6.224498081305825936e-01
6.207491446690326375e-01
6.173216865201981429e-01
6.149968623280690494e-01
6.128742838366599832e-01
6.090119789212702361e-01
6.076776948837581127e-01
6.042327932129050172e-01
6.022445890474981134e-01
5.993722663789300409e-01
5.961954837393651507e-01
5.946658488780962593e-01
5.912640071751129600e-01
5.894843141923260532e-01
5.862525939289680021e-01
5.835115172906546466e-01
5.817347941564854352e-01
5.784669109996116720e-01
5.765926462454793455e-01
5.735686530961767726e-01
5.712023528721212884e-01
5.687453545653896603e-01
5.656774505807851128e-01
5.640686930167191360e-01
5.608752464634535473e-01
5.588371402443871316e-01
5.563374248457295668e-01
5.532245185919931751e-01
5.517812057149280580e-01
5.484024446307099732e-01
5.467309079011365425e-01
5.436361701158217707e-01
5.413621068131092562e-01
5.393076423203628789e-01
5.365399412014790759e-01
5.348087272479554732e-01
5.317040068890414029e-01
5.298372319126281038e-01
5.272467776142368834e-01
5.246349604188145221e-01
5.230884699399371840e-01
5.201482382792171899e-01
5.181492398565892277e-01
5.156025556998914405e-01
5.134620930328820387e-01
5.116074996318580315e-01
5.084407646743629439e-01
5.070055861590346824e-01
5.040174973948132742e-01
5.024177747696504381e-01
4.999461541600437320e-01
4.970927190854962374e-01
4.959442075546119932e-01
4.927230557580268844e-01
4.910532737558195859e-01
4.885373029087006769e-01
4.858863847326507224e-01
4.845273384265615380e-01
4.814777291874525744e-01
4.797392643341504836e-01
4.771397650124299394e-01
4.748456266153871508e-01
4.729437169127095331e-01
4.699811269338503017e-01
4.684734259261732481e-01
4.658674278295528159e-01
4.637536363566195918e-01
4.615115585064616388e-01
4.587919448866933925e-01
4.573712486492465534e-01
4.544476660780242261e-01
4.526798361442633256e-01
4.501560434505236796e-01
4.478151975459021550e-01
4.458974161962901417e-01
4.433941827348098497e-01
4.416304127587966089e-01
4.392103807376676050e-01
4.371179038816609963e-01
4.347975317062028333e-01
4.324490112139372511e-01
4.307986872178498072e-01
4.283906014044766009e-01
4.266756602177274038e-01
4.241139699247387651e-01
4.219848949538797522e-01
4.202822696270805958e-01
4.177903046527718933e-01
4.163016324439734461e-01
4.135192847820047257e-01
4.119429519617349156e-01
4.096717360148391940e-01
4.076780074088360850e-01
4.059551013783064266e-01
4.033916928979686678e-01
4.020139020430956167e-01
3.997011873123135217e-01
3.973108236477933541e-01
3.959996337765564478e-01
3.934293062995815604e-01
3.918983884211949542e-01
3.896652329883218413e-01
3.876686781234344736e-01
3.858190725535936005e-01
3.833600611497033350e-01
3.821316636753480656e-01
3.795408483390541043e-01
3.778865457572241349e-01
3.759295437545032703e-01
3.737272364285842974e-01
3.721410175164867051e-01
3.696983267893236835e-01
3.682222239961766563e-01
3.659609573112187486e-01
3.640937860697673889e-01
3.622589764770784426e-01
3.600084934215583288e-01
3.585760976021213353e-01
3.563206530512289527e-01
3.544774551395605267e-01
3.526234757301457412e-01
3.504468428073358455e-01
3.490478632315111018e-01
3.466902100059717773e-01
3.451354914638015137e-01
3.431211093121701583e-01
3.410595147461756294e-01
3.397366168366605099e-01
3.373221761770344718e-01
3.358856533617870510e-01
3.338783753058284232e-01
3.320422509678807588e-01
3.303404883712887097e-01
3.282966284664629031e-01
3.269242067157117626e-01
3.247005843508326550e-01
3.231212465696153280e-01
3.213418169928347057e-01
3.193844340056286035e-01
3.180935421833392951e-01
3.158513800796482474e-01
3.143467993181389142e-01
3.125708148075798665e-01
3.107642740406654225e-01
3.091086079117897345e-01
3.072380738620729135e-01
3.057488003893669704e-01
3.039206411996947521e-01
3.021926217675055537e-01
3.005608717527570306e-01
2.987276000156420253e-01
2.973610703458645643e-01
2.953359839902585104e-01
2.938687935725351474e-01
2.920430130509263922e-01
2.904237182432534148e-01
2.889518480207123319e-01
2.869664201525750080e-01
2.856279161132230238e-01
2.837632311732415369e-01
2.822532397516962499e-01
2.804689446866407976e-01
2.787666683331019302e-01
2.774943757219597851e-01
2.755776702169648873e-01
2.740441453266960758e-01
2.723940668323394099e-01
2.706683161528137815e-01
2.694481926622461776e-01
2.674798603642434824e-01
2.661036795357084039e-01
2.643712480821466260e-01
2.628523313991465438e-01
2.612872796750548288e-01
2.595602262602683674e-01
2.582343398071016982e-01
2.565711796871554262e-01
2.551178000058695883e-01
2.534223744889156915e-01
2.518143789600290061e-01
2.505973621816816599e-01
2.488608952083310455e-01
2.474853897067673947e-01
2.458158039560768560e-01
2.443596329778758014e-01
2.429803998707972534e-01
2.412600059607775960e-01
2.400645090401932191e-01
2.384552193452814106e-01
2.370722893395239284e-01
2.355553594677101403e-01
2.340129515909060987e-01
2.328155008094494605e-01
2.311905174169252564e-01
2.299413458805798227e-01
2.284037124546336450e-01
2.268408290257672988e-01
2.258066989582931949e-01
2.241578470539471457e-01
2.229299702769704239e-01
2.214267395067449351e-01
2.200813111057504656e-01
2.187694169320972826e-01
2.172047416463248892e-01
2.161245814038632029e-01
2.146195071459907344e-01
2.133951759242854462e-01
2.120100446524821880e-01
2.105132557519414915e-01
2.095060312332378827e-01
2.079446137508047521e-01
2.068019043825035097e-01
2.053157438734962148e-01
2.040659760281246238e-01
2.028914688577739267e-01
2.014684468406364171e-01
2.002645150724588208e-01
1.988679287203195256e-01
1.976951424684172121e-01
1.964027737912379945e-01
1.949820993345954823e-01
1.939102537677822868e-01
1.925081734850589421e-01
1.913912198004369403e-01
1.900814661424691243e-01
1.887402448335459282e-01
1.877020982717157449e-01
1.862635967693630767e-01
1.852697756644968996e-01
1.838643885759184415e-01
1.827279011318637958e-01
1.815905225800449052e-01
1.802273395032767955e-01
1.791574011161102264e-01
1.778784411652265252e-01
1.768126731833693233e-01
1.756160823081556466e-01
1.743531214624566006e-01
1.733795687989507783e-01
1.720740881973775172e-01
1.710417342129107732e-01
1.698643704201563964e-01
1.686752803849507210e-01
1.676246513631782509e-01
1.664699018817088483e-01
1.654689071628756003e-01
1.642298554763550467e-01
1.632157305852010576e-01
1.621169478725794921e-01
1.609858572434258173e-01
1.600444169538666472e-01
1.588146299484164137e-01
1.578648965039829988e-01
1.567311459435576093e-01
1.556844948413456664e-01
1.547374767651626404e-01
1.535656830082631208e-01
1.526482877542617855e-01
1.514874982432149741e-01
1.505507100212108429e-01
1.495363807754273300e-01
1.484466956516097835e-01
1.475531192198716313e-01
1.464540951772297372e-01
1.455025947306669565e-01
1.444623588896681299e-01
1.434377578136411535e-01
1.425901619735255310e-01
1.414532830096049132e-01
1.405926705307335711e-01
1.395099332662155245e-01
1.385656088568298916e-01
1.376581947755137758e-01
1.366036268891869243e-01
1.357811924808550175e-01
1.346947128034558516e-01
1.338377714916939021e-01
1.328644908051893891e-01
1.318767603295663837e-01
1.310869093391618390e-01
1.300142489974592808e-01
1.292252786917738594e-01
1.282100518504977471e-01
1.272977271175273761e-01
1.264407173940230167e-01
1.254242451733220132e-01
1.246774943096397303e-01
1.236891132194840592e-01
1.228848846177672122e-01
1.219343952794885444e-01
1.210119363210725163e-01
1.203027735196266629e-01
1.192890405957796884e-01
1.185373235523217855e-01
1.175956937321132878e-01
1.167097767130603342e-01
1.160428543698550641e-01
1.150367607669557923e-01
1.143246591565442588e-01
1.133922008904804102e-01
1.126222817820200506e-01
1.118038092302389430e-01
1.109089349906311056e-01
1.102617371796486417e-01
1.093105465552983296e-01
1.085865418613006089e-01
1.077768165927039945e-01
1.068954833473826777e-01
1.062797549543090803e-01
1.053707627596527779e-01
1.046839354211667600e-01
1.038629068482109508e-01
1.030793578021440837e-01
1.023987069941438566e-01
1.015305256173745507e-01
1.008829216362000236e-01
1.000799797682927761e-01
9.934313747854052468e-02
9.863396144260896947e-02
9.782235728786255191e-02
9.722223969328418203e-02
9.640546039942402001e-02
9.572091768623537666e-02
9.499645332541536979e-02
9.422898900074755391e-02
9.361804413801183555e-02
9.284502822973761393e-02
9.220333823144080676e-02
9.148526012908957117e-02
9.077599387994908509e-02
9.011490089078677546e-02
8.939896294217282435e-02
8.878107331513060418e-02
8.804980237702964008e-02
8.743760654724042070e-02
8.673811448919860334e-02
8.607039334489509363e-02
8.548182396489775736e-02
8.476975423437718704e-02
8.419284953005831684e-02
8.347402476961765516e-02
8.289147459130211115e-02
8.224573380445375503e-02
8.159682166162748884e-02
8.106080447713567838e-02
8.035370506171317373e-02
7.979948211084905707e-02
7.916468469138035480e-02
7.853780589980645377e-02
7.803849956756034323e-02
7.735247326414687596e-02
7.685018839084363507e-02
7.619996916427640432e-02
7.560506908132620663e-02
7.509843497418085267e-02
7.445284363704297859e-02
7.399410580131945969e-02
7.333571353641903101e-02
7.283078157272848685e-02
7.224459620095488588e-02
7.169273468764911228e-02
7.122847611860466666e-02
7.058266060518886276e-02
7.011407339189697219e-02
6.956048589387001102e-02
6.897445478252514639e-02
6.855236238188242015e-02
6.795332688720726044e-02
6.750715765151971137e-02
6.694883952456903708e-02
6.643546261950217247e-02
6.595542019612816997e-02
6.539664008989592991e-02
6.500051499038864145e-02
6.442930489943973771e-02
6.395749408553004500e-02
6.347238665565466120e-02
6.297210227857938381e-02
6.253499563312917009e-02
6.199765694694594348e-02
6.158201972238346034e-02
6.107889466899498604e-02
6.061635217682455334e-02
6.016148166410970749e-02
5.966215483543008125e-02
5.929252208544226466e-02
5.878802068975574890e-02
5.837790641881446252e-02
5.789933272784855006e-02
5.744357156982880797e-02
5.706672333728887020e-02
5.659393406117543129e-02
5.620715928152515695e-02
5.573778575224717924e-02
5.533090406099272496e-02
5.492900772790092201e-02
5.446730206033547489e-02
5.411499113607235595e-02
5.368842007744343420e-02
5.329782903801787153e-02
5.290620187470927716e-02
5.245651370738435570e-02
5.213613919385295947e-02
5.170257937370852097e-02
5.135052442278461443e-02
5.095459135683368113e-02
5.054489388763672153e-02
5.024766774308730977e-02
4.979927659773312337e-02
4.950138557054213628e-02
4.910822450429626340e-02
4.874783022086539436e-02
4.839904867550590822e-02
4.799455484823765550e-02
4.770183809900394034e-02
4.734460012875783830e-02
4.700584768281244885e-02
4.665822251560536316e-02
4.629472376698349351e-02
4.602573064279259774e-02
4.565011019622292748e-02
4.532627744533822278e-02
4.500523066302569708e-02
4.467576402176441641e-02
4.438160888533772969e-02
4.404127387111332614e-02
4.373674735010005948e-02
4.342064798132385522e-02
4.312691995895727437e-02
4.282071222666899990e-02
4.250156072330465301e-02
4.222053387413889775e-02
4.192630103067862546e-02
4.163276042681617051e-02
4.132539186087744870e-02
4.103288849766194984e-02
4.076874891356939423e-02
4.046630125661846572e-02
4.019397825528307766e-02
3.991180329581726915e-02
3.963160817228671140e-02
3.936156299682238430e-02
3.909541098126835534e-02
3.883177546068472541e-02
3.853395566071599748e-02
3.832272032388858718e-02
3.802683229590885644e-02
3.776360930384671521e-02
3.753485323771161425e-02
3.726467257908252367e-02
3.702941135825930929e-02
3.675478412882116075e-02
3.652276179461477063e-02
3.629247704145281000e-02
3.602610574787549341e-02
3.581864341924905631e-02
3.555686520410022977e-02
3.534157610037316766e-02
3.511444657667932984e-02
3.485357857513021046e-02
3.467253034181679017e-02
3.440312554985305860e-02
3.421866763839180592e-02
3.397821454033156385e-02
3.374366640157150377e-02
3.355939956189540885e-02
3.333593254553286755e-02
3.313852045913474875e-02
3.290875528248439486e-02
3.269937545293343656e-02
3.251855564618799654e-02
3.229699976267193240e-02
3.211656838715357121e-02
3.188797992747246374e-02
3.170867357977450590e-02
3.151288210393177885e-02
3.131113861641603852e-02
3.114089998764112480e-02
3.092049420154160261e-02
3.075968489527760100e-02
3.055915613793282540e-02
3.037953794554340559e-02
3.020015081030493626e-02
3.002434045499651621e-02
2.984281025739142154e-02
2.965163693860049104e-02
2.947537148158254489e-02
2.932510212906471597e-02
2.914042829690565578e-02
2.897662491889065745e-02
2.879950770960857873e-02
2.864648196948431716e-02
2.847849567320429043e-02
2.830414339426011797e-02
2.814673425584676009e-02
2.798991625875111439e-02
2.784258908950169170e-02
2.767423543365240407e-02
2.752501811368938608e-02
2.737352654787620840e-02
2.722967146722731283e-02
2.707807323267845054e-02
2.692306945509945898e-02
2.678589835713638539e-02
2.664732935322314950e-02
2.649386490435365338e-02
2.636417489729890248e-02
2.621278767588690675e-02
2.609499596568901070e-02
2.594576358670050431e-02
2.581082613774035583e-02
2.567979442203662324e-02
2.554391612701086348e-02
2.543170132087090723e-02
2.528755767766228610e-02
2.516418967619167210e-02
2.503905789443565053e-02
2.491455194968129547e-02
2.479254533093906004e-02
2.466851989091076863e-02
2.454253526062033161e-02
2.443628844520360707e-02
2.430964874101849277e-02
2.418847893584884223e-02
2.407651968585655319e-02
2.395664814504228080e-02
2.385000231656672631e-02
2.373731499012666710e-02
2.361944048113498104e-02
2.351757445413454189e-02
2.340523865896929762e-02
2.330344566604665782e-02
2.318772070379984673e-02
2.309063431509447359e-02
2.299480222026730608e-02
2.287320412511911760e-02
2.278389470291713320e-02
2.267454485834580896e-02
2.259344909583223607e-02
2.248834274745636214e-02
2.239265572146557567e-02
2.229635193216772046e-02
2.219744499840580615e-02
2.211031487008299073e-02
2.201748724994526812e-02
2.193047603307855115e-02
2.184858331848392454e-02
2.174296385761748801e-02
2.167535410237950502e-02
2.157791158053328287e-02
2.149573477211751821e-02
2.142039092704670772e-02
2.132559161381651636e-02
2.125958492185998569e-02
2.116405094427244518e-02
2.109997252245156968e-02
2.101581839418028425e-02
2.093919358137669509e-02
2.087773861884080137e-02
2.077968818578243559e-02
2.072056586833045944e-02
2.063619873189831422e-02
2.057414097840015721e-02
2.051421840421883622e-02
2.042170330636015191e-02
2.037190700836646537e-02
2.028242352093162504e-02
2.023177373885524585e-02
2.015613492250224389e-02
2.009157674460674073e-02
2.004614085963448561e-02
1.994941345199776478e-02
1.990072830438263662e-02
1.983077551725039370e-02
1.976805328898794192e-02
1.972365050734386366e-02
1.962040391004154019e-02
1.957789993702681655e-02
1.949614165748508876e-02
1.941248237978473318e-02
1.926630145876277039e-02
1.881270296413506404e-02
