4.160221623481302089e+00
3.626772150832895392e+00
5.773867478251307084e+00
1.061584307161577279e+01
8.716801166198553830e+00
7.288373519413120505e+00
5.510967731265087544e+00
3.268609441895115264e+00
2.388335651271396465e+00
1.514804491974404144e+00
1.529109484162939792e+00
1.331254087686219556e+00
1.238737486417033740e+00
1.019218175834698314e+00
8.180720839556566704e-01
7.720187274442220637e-01
7.654263546759884074e-01
6.555436387401731846e-01
5.712185500359118207e-01
4.996695348421265614e-01
4.154011792765731070e-01
3.569499347279046497e-01
3.880560205781420913e-01
3.328752609570589382e-01
2.838624322274719836e-01
2.847129983814398746e-01
2.725584923835798756e-01
2.614690589745188865e-01
2.421003367801204398e-01
2.323069302922214363e-01
2.485212799872280887e-01
2.462627516831714658e-01
2.119320528374182833e-01
2.159762383851332179e-01
1.977833695137061754e-01
1.626080372150966735e-01
1.617752812180019151e-01
1.607319122123766764e-01
1.812076480090284436e-01
2.200785372414331698e-01
1.890592563709611595e-01
1.891366262522206076e-01
1.695895807420158552e-01
1.726405194127209053e-01
2.036988435329794012e-01
1.817021851142856248e-01
1.696391231549206624e-01
1.566176766878983329e-01
1.436693923359025349e-01
1.495034337697034310e-01
1.424768081801383590e-01
1.344395391492911040e-01
1.576702530465980134e-01
1.594415882329864309e-01
1.530768280820515581e-01
1.503082065934760736e-01
1.550708726728619036e-01
1.474656635061476206e-01
1.475252858226615837e-01
1.613791058241009768e-01
1.502035783449012785e-01
1.378547910864173498e-01
1.344180138879240982e-01
1.300843891533155772e-01
1.312524044840750470e-01
1.178101021649573948e-01
1.315718204522120516e-01
1.336276239886727002e-01
1.205884935173107408e-01
1.272254871423630362e-01
1.295002686774017753e-01
1.349819069361457846e-01
1.411491409740874836e-01
1.477608164558602555e-01
1.492877104939181465e-01
1.336861526283311952e-01
1.445727849365943951e-01
1.526333292891453308e-01
1.349188627177181909e-01
1.248971214609208708e-01
1.351630434331244079e-01
1.275833993046099069e-01
1.330202483688741055e-01
1.272636150476506023e-01
1.283112896646115830e-01
1.206539679244781893e-01
1.236527134503509068e-01
1.240050282675448784e-01
1.281522253105590314e-01
1.252074722526545780e-01
1.235383227825373464e-01
1.215364941519292002e-01
1.254973072592867334e-01
1.223446322100906203e-01
1.313107858418410268e-01
1.358964682010402325e-01
1.364108669682896624e-01
1.225258028409218908e-01
1.118232786675049661e-01
1.135432044376067234e-01
1.182231976055303641e-01
1.262515786711240484e-01
1.245912280841133674e-01
1.188507115527129704e-01
1.066097650065822022e-01
1.076252363677918655e-01
1.082229421857809903e-01
1.060621704576980989e-01
1.042737417298309904e-01
1.054766916168080049e-01
1.069107523530324899e-01
1.068341226528207177e-01
1.125391106193710661e-01
1.195805594252043608e-01
1.144730993151023835e-01
1.063329958851926133e-01
1.004352518013270218e-01
1.130400519867662407e-01
1.154462109141387860e-01
1.124468532550954580e-01
1.093733623464702431e-01
9.835246315261650385e-02
9.952194550721669974e-02
9.984880408203711255e-02
9.028361753035174520e-02
9.748325115579040134e-02
1.034938231365034461e-01
1.077405491176532393e-01
1.083691049549666552e-01
1.138415057655652873e-01
1.108853536233255638e-01
1.045503267575729339e-01
1.030097362599985550e-01
1.000928073130117890e-01
1.019155790508454590e-01
1.037342140642265181e-01
1.040753426821486999e-01
1.009086965919847312e-01
9.476014163412478652e-02
9.661553370842006216e-02
9.496212761949561487e-02
9.354705325491156909e-02
9.178455046485507751e-02
9.277865860231113149e-02
8.990664734500405930e-02
9.610464758681368236e-02
9.447594000239138701e-02
9.153817263248567593e-02
1.001062661400926174e-01
1.006153888960153453e-01
9.270367521498180940e-02
9.011403024427300235e-02
9.645692337940552086e-02
9.337403322957525675e-02
9.136142536327153396e-02
9.172746396531114565e-02
9.033624953045875372e-02
8.940875132640056788e-02
9.719745235431256902e-02
9.443293563828324133e-02
9.354751257822900568e-02
8.881108153446397313e-02
8.778507673583839377e-02
8.657227635172573543e-02
8.531226071159063451e-02
7.836676788146593187e-02
7.948416383918815997e-02
8.181913818591317333e-02
8.291407928704552788e-02
8.309739626888412722e-02
8.346516919940268064e-02
8.339314523954804992e-02
8.385258695325330247e-02
8.586281840630789752e-02
8.480018381127701899e-02
8.762608638583263554e-02
7.877588511031266560e-02
7.596015006083037258e-02
7.270514144745589269e-02
7.408359102367041704e-02
7.843418285162329084e-02
7.487916432807510680e-02
7.264843853743993551e-02
7.168370036822126201e-02
7.735686945310581153e-02
7.942337176092550965e-02
7.744590313792595881e-02
7.969930204652785066e-02
7.869290152304299346e-02
7.489869298064565084e-02
7.513853676914196422e-02
7.823778447935260394e-02
7.733156746040893703e-02
8.082679836966757958e-02
7.685166397016690576e-02
7.531351780434748788e-02
7.436565239816174400e-02
7.164196185944445017e-02
7.509960296306539274e-02
7.454067366691076446e-02
7.095149073565969189e-02
6.964773892775996678e-02
6.774942041950619831e-02
6.943735479239136754e-02
6.987543932067113994e-02
6.801909086771497359e-02
6.459396443312290237e-02
6.208362111973252800e-02
6.595164775670103730e-02
6.609941158480898971e-02
6.735427050068870658e-02
6.834517493329263227e-02
6.646553853418889213e-02
6.260966577518493892e-02
6.539412950061261609e-02
6.253088324617171734e-02
5.935604856697213050e-02
6.042860970065424414e-02
5.976885504772844887e-02
5.982310400421772534e-02
6.003771969566458477e-02
5.919524076559646436e-02
6.204347537392382317e-02
6.251284417884074573e-02
6.322154378637614980e-02
6.008725996749438719e-02
6.204428542805973806e-02
6.018418509635059532e-02
5.521470099937116766e-02
5.275186482543118421e-02
5.308361650415730632e-02
5.619922071343263353e-02
5.926372573931985854e-02
5.769468439250488578e-02
5.720030161059853208e-02
5.692913396413499388e-02
5.277192047762045701e-02
5.242394873690761625e-02
5.373352331917454622e-02
5.515206896399504205e-02
5.482804165644974970e-02
5.349883057691089822e-02
5.173547754520377295e-02
5.262831605397092632e-02
5.219748561112976665e-02
5.149859794943557195e-02
5.089193134577253697e-02
4.912912602212271551e-02
4.692196367280686981e-02
4.787033416903265642e-02
5.040879599518863219e-02
5.356731560314376833e-02
5.010421626111977167e-02
5.257502224710625116e-02
5.275344817240031764e-02
5.024608422161507687e-02
5.256784062215388853e-02
5.424115956268393129e-02
5.042829232960016617e-02
4.741395490277315605e-02
4.612183225592678820e-02
4.610356393352386256e-02
4.642466777807099237e-02
4.579006316442685992e-02
4.712103440732430537e-02
4.630670556213096339e-02
4.686713281915023954e-02
4.721598714157475979e-02
4.633340959935771525e-02
4.645378889985760790e-02
4.994218225687884621e-02
4.556934106374951887e-02
4.461057684068256424e-02
4.243720543286417374e-02
4.296433342357273977e-02
4.372157760607448679e-02
4.113986332738362589e-02
4.268152890376131214e-02
4.388516868145058564e-02
4.463486887312343582e-02
4.046272355659492892e-02
3.861330466822063268e-02
3.896123533195611915e-02
4.009089839661833521e-02
4.112456152725343927e-02
4.124436600968331423e-02
3.961357433327028499e-02
4.162195907956618701e-02
4.263788437292342914e-02
4.082897896320405312e-02
3.750297594323771105e-02
3.817473697147545642e-02
4.073484167003639522e-02
3.784434791494568212e-02
3.835605788118072457e-02
3.774635930362885139e-02
3.522369916520427108e-02
3.644901045171883291e-02
3.702556970550597432e-02
3.623654357631789918e-02
3.513510172042328544e-02
3.583236443595528425e-02
3.650628312779697487e-02
3.863600321838771973e-02
3.810620070623430000e-02
3.501912161840301657e-02
3.400987936008049300e-02
3.486434071733850171e-02
3.651104346549747387e-02
3.531466745878833469e-02
3.561257385956546895e-02
3.460206455734870373e-02
3.221979717548111716e-02
3.203224048686884734e-02
3.330840932112556774e-02
3.374072665703946317e-02
3.422292226652247360e-02
3.350218399231682381e-02
3.274650039044026129e-02
3.261328445546802374e-02
3.165039833221593851e-02
2.953155049350775219e-02
2.900086096967284185e-02
2.944402243594674770e-02
2.836672414468450337e-02
2.745262294456643493e-02
2.904501682223167500e-02
2.982043436033908826e-02
2.944100475991058216e-02
2.882237169855099077e-02
2.883623959003620701e-02
2.949133994296316424e-02
2.863087679583272219e-02
2.758204527428185018e-02
2.769647764063864689e-02
2.728554849842037416e-02
2.642006443700604598e-02
2.706504536029574401e-02
2.791633801630640649e-02
2.809451365549122878e-02
2.754207261387659963e-02
2.677554330583655287e-02
2.708602773755239973e-02
2.554982770374068443e-02
2.555529607090839192e-02
2.611992489680458468e-02
2.578206892770369685e-02
2.493368652841242497e-02
2.469793948295071970e-02
2.599235114231523633e-02
2.517581241176236953e-02
2.502635241708557265e-02
2.486908284680946005e-02
2.509089684733648712e-02
2.448613684931671280e-02
2.379347997341862281e-02
2.382228429547382856e-02
2.281674525776058310e-02
2.209111315725604055e-02
2.236805016128476375e-02
2.212840662753962420e-02
2.183126372350823255e-02
2.340669957222970415e-02
2.293952782944795946e-02
2.268930981175858869e-02
2.219111387849611455e-02
2.249084108417194472e-02
2.172147482407233224e-02
2.151059535346599993e-02
2.166070757785010584e-02
2.083566019857821527e-02
2.038965906497987660e-02
2.078429077542594608e-02
2.015337434138558467e-02
2.021630543499652530e-02
2.063199197623737102e-02
1.997852540063832852e-02
1.912020000150483831e-02
2.029850767576656806e-02
2.085165526929351129e-02
1.924423000065438386e-02
1.864335483654416120e-02
1.977943327191043765e-02
1.979652215600503223e-02
1.863630943046930971e-02
1.829900914385327107e-02
1.881977960041070208e-02
1.911753749184889883e-02
1.825836280224529123e-02
1.723555314820511553e-02
1.674157283382234421e-02
1.813192593615874440e-02
1.814124424102245281e-02
1.747815374944561295e-02
1.782733458051304759e-02
1.726393125244182411e-02
1.682042575068828927e-02
1.783805195209993769e-02
1.683516930055326682e-02
1.589185306372608783e-02
1.544767699141285332e-02
1.573405964794984471e-02
1.577314438877612870e-02
1.602326074219994484e-02
1.502940949190571633e-02
1.528423231740592796e-02
1.559914890556156342e-02
1.565345855633911917e-02
1.500672426599005543e-02
1.428381058386398936e-02
1.411644164466393722e-02
1.423333160986666075e-02
1.399790146736721620e-02
1.403071455189608061e-02
1.384914661603476108e-02
1.373014248644866334e-02
1.378659872594478926e-02
1.347715009306912383e-02
1.347220629652683306e-02
1.348538935815093986e-02
1.339446217371824746e-02
1.392466347486411363e-02
1.365203873643446031e-02
1.366456257616897700e-02
1.339515153282596314e-02
1.276934734698914088e-02
1.260023832456777688e-02
1.245679052464909731e-02
1.269188149512361953e-02
1.260008063459271480e-02
1.251057113930557387e-02
1.200901748243421441e-02
1.211018281793489401e-02
1.208144364460128628e-02
1.235093060438192773e-02
1.182678863302225047e-02
1.123071736973159894e-02
1.191694608670531078e-02
1.141538896148752182e-02
1.106342419812135838e-02
1.122522915794898872e-02
1.107468889601827440e-02
1.063956764903699684e-02
1.097649533828227823e-02
1.093478747824214690e-02
1.038990438307359904e-02
1.049212272475957830e-02
1.038247969336713976e-02
1.044227529589623546e-02
1.062492366722043308e-02
1.050946929622163274e-02
1.045497725800753619e-02
1.030180835027064146e-02
1.040664386163190139e-02
1.008075194249752858e-02
9.527427561533779315e-03
9.239577860165848824e-03
9.758712705928908326e-03
9.992556847302314776e-03
9.894152967385761582e-03
9.711631987052894363e-03
9.348611384540709765e-03
9.169799060537204768e-03
9.107005391553764720e-03
9.043891634131162593e-03
9.111340602671939154e-03
8.934968017706657051e-03
8.635627722733520487e-03
8.528089274316219895e-03
8.425030940043543026e-03
8.495086701149087358e-03
8.464993251434236796e-03
8.371273580134834524e-03
8.440920022179903073e-03
8.365941460194835366e-03
7.979126774130412131e-03
7.871705899415300592e-03
7.855791970270501953e-03
7.604679866228484381e-03
7.755470291958651251e-03
7.816737792769836574e-03
7.610110368237586048e-03
7.398531204914520973e-03
7.261405162197052086e-03
7.061750111587196399e-03
6.916128297238757598e-03
7.142476173153879289e-03
7.123117498409515906e-03
6.968231704851262504e-03
7.182604777935992085e-03
6.867829484883221022e-03
6.820907387585812588e-03
6.926030265629058366e-03
6.983405136068960607e-03
6.678144610136354208e-03
6.693446049848321248e-03
6.513849508482758878e-03
6.499286321324155603e-03
6.612777301811579439e-03
6.827555905525922383e-03
6.401609925124855140e-03
6.103131775054879138e-03
6.275014187880523404e-03
6.173130643526333547e-03
6.176334825581545306e-03
6.348058489718394481e-03
6.136164184659623037e-03
5.839463762355763185e-03
5.838063083533706100e-03
5.569459610339529479e-03
5.628981763651563774e-03
5.616075795522848003e-03
5.657714087303245681e-03
5.759454041959037596e-03
5.671652514702986946e-03
5.410818996785914624e-03
5.442387639108518631e-03
5.343699416999110954e-03
5.381398314896152467e-03
5.201675103691153976e-03
5.236049236394263971e-03
5.146889342602787264e-03
4.903409219916133981e-03
5.042831448940182128e-03
4.994912342887671171e-03
5.087439260904861107e-03
5.034152547261763755e-03
5.038238557298756193e-03
5.010937278842559316e-03
4.862659482058898953e-03
4.840001830206401047e-03
4.796451584949728598e-03
4.708509879337483515e-03
4.708581207213631548e-03
4.625354384531811698e-03
4.544847967686701032e-03
4.599173092549006456e-03
4.715313891064817041e-03
4.734777362544879444e-03
4.493375663508691539e-03
4.322231677357017861e-03
4.357813215822055851e-03
4.269103360598776320e-03
4.227346553548579251e-03
4.395682428017463200e-03
4.330377223872017983e-03
4.129795445583955490e-03
4.149695337366844650e-03
4.168224371474180297e-03
4.133299793012863710e-03
4.169764786265594582e-03
4.090194074993074372e-03
4.025228900567204629e-03
3.980330481293336588e-03
3.941216822152586452e-03
3.846190675323137454e-03
3.857044517738802362e-03
3.824918390443732535e-03
3.898377513436650579e-03
3.878549396574007373e-03
3.737320062423819724e-03
3.618260188687259706e-03
3.755110358412290603e-03
3.730431727701110072e-03
3.716639052650800266e-03
3.547850577714839037e-03
3.562882176833461791e-03
3.533041894327300370e-03
3.422535012478147409e-03
3.290345983569971638e-03
3.340677741148114464e-03
3.298373662839867906e-03
3.177406687964570969e-03
3.184294270664134174e-03
3.126895152669897752e-03
3.025241753144076746e-03
3.102899864155123436e-03
3.137937914610141026e-03
3.109604201356773456e-03
3.158528124551086315e-03
3.114176828128759761e-03
3.151910534285887189e-03
3.100194583382633994e-03
3.017269670986937394e-03
2.937276173237573975e-03
2.903061636803041037e-03
2.943448162531165594e-03
2.952886210019689626e-03
2.992065791053547669e-03
2.966428067829524236e-03
2.982344357219997560e-03
2.794234910540372742e-03
2.750623823982080701e-03
2.732244378729840883e-03
2.728913482979970599e-03
2.691760985048877609e-03
2.636116470400841089e-03
2.658446505622176145e-03
2.674461528300090245e-03
2.647185476843709299e-03
2.649010668970232761e-03
2.711552977466475702e-03
2.646628158354141259e-03
2.643310346246136640e-03
2.708445742281435833e-03
2.634055395955649075e-03
2.632139878387017122e-03
2.643831882714776406e-03
2.480464904648487564e-03
2.475212234698007194e-03
2.534090584064888595e-03
2.540520345206675849e-03
2.464300050221362223e-03
2.563662759335891012e-03
2.557499836357275506e-03
2.478786179221690623e-03
2.415677226961655388e-03
2.433427882622492613e-03
2.334915020265083789e-03
2.259105826293540936e-03
2.189041223380299578e-03
2.253841872396796214e-03
2.364128018404838046e-03
2.261352768052303074e-03
2.222021476295042274e-03
2.168106378234027371e-03
2.114293536012230856e-03
2.160315363962899641e-03
2.202519210105809491e-03
2.228690765900306469e-03
2.218387441638994956e-03
2.229052608863655704e-03
2.219933017819346582e-03
2.219110660502465054e-03
2.202573983636489305e-03
2.183526933321537980e-03
2.163516199990683612e-03
2.083261623524338378e-03
2.074745090792559903e-03
2.064450065259577482e-03
2.082343904424698716e-03
2.106976417011858192e-03
2.043363203400199758e-03
1.983211348236487304e-03
1.989096171054779375e-03
2.010345744264184758e-03
2.078313625268099051e-03
2.033550986631581844e-03
2.061293291366309184e-03
1.988206199122213684e-03
1.982795824701564721e-03
1.912491933041955651e-03
1.889377448653779303e-03
1.924577012734363275e-03
1.878707362549984035e-03
1.911917938053477733e-03
1.883531846035658552e-03
1.869569796324864952e-03
1.879293859701212542e-03
1.846908354800342938e-03
1.832936623179753748e-03
1.794154812831459537e-03
1.834330422551554629e-03
1.796932818145616576e-03
1.750627930543733257e-03
1.765833515568670077e-03
1.852567488825284129e-03
1.873596414071889565e-03
1.837334121225939806e-03
1.776284019496073745e-03
1.753074061451090392e-03
1.797171306942695621e-03
1.818540770273210884e-03
1.801709379806004652e-03
1.701756163272146686e-03
1.687836387489863180e-03
1.675586246009771107e-03
1.662142376735278957e-03
1.674676278106389856e-03
1.704691012893431914e-03
1.706451574647233765e-03
1.726919548920733674e-03
1.741893853792381630e-03
1.740414508135563598e-03
1.690570151837862993e-03
1.628765774519921406e-03
1.569002317228466699e-03
1.574986071302100733e-03
1.619933291556270713e-03
1.655913335676653967e-03
1.612673717746488777e-03
1.562814491721611606e-03
1.541547044973461253e-03
1.549259836423885544e-03
1.577280279065365132e-03
1.558270886935363966e-03
1.588091533641953351e-03
1.551902637654966341e-03
1.576834448413986112e-03
1.568392572673097578e-03
1.504118636799392766e-03
