3.666662865708189223e+00
4.690479666542328729e+00
5.106703261111170455e+00
3.778327171948086871e+00
1.123749022722629887e+00
1.433169833246531022e+00
1.393665884587385495e+00
8.924988989129452044e-01
9.230089723589783857e-01
8.237815901769036664e-01
7.201028013311741027e-01
4.927625205222093685e-01
3.678999064448747469e-01
3.077101804209137481e-01
2.319478491190077041e-01
2.166956191619242300e-01
2.347226302208353932e-01
2.174972478875266402e-01
2.457535040486236166e-01
2.537143426301989302e-01
2.411964808747082134e-01
2.669282638580147693e-01
2.429805659422466513e-01
2.395121640906440474e-01
2.143630177756422617e-01
2.548244074509201651e-01
2.262698403346355691e-01
2.000526508842184747e-01
2.054691641309235317e-01
2.003232796058782572e-01
2.113254622032273433e-01
2.117651005104388695e-01
1.697472155503556845e-01
1.496925193516885910e-01
1.721309146483863406e-01
1.759996392356171502e-01
1.571316667408313161e-01
1.689767084264071073e-01
1.804264144457439489e-01
1.803165228758979166e-01
1.839544737764448046e-01
1.845020329890074418e-01
1.780402522931775200e-01
1.822608766053675500e-01
1.548246076890215650e-01
1.490962924421934954e-01
1.385117353128451079e-01
1.360347597321436286e-01
1.418983609101660548e-01
1.584660125403631881e-01
1.416259587666348907e-01
1.459981517646721794e-01
1.389354708178885400e-01
1.244100010476589385e-01
1.167551847649019869e-01
1.336780655375764404e-01
1.169271085755940187e-01
1.287088257531972812e-01
1.290633327603022129e-01
1.276766712987502661e-01
1.315297313101215226e-01
1.079703723031047724e-01
1.137034304061300405e-01
1.196814986352983806e-01
1.302522890737367045e-01
1.308250587600251202e-01
1.406134612207711465e-01
1.425616246180010926e-01
1.325915748675481343e-01
1.112367819885098363e-01
1.164612187512563679e-01
1.182183085539721262e-01
1.257660099315548174e-01
1.180052278799044035e-01
1.189814303855490363e-01
1.281656793693506380e-01
1.302006037383976467e-01
1.316282323538206234e-01
1.201241588813560385e-01
1.132992907561650719e-01
1.083269074315377917e-01
1.060274978492799086e-01
1.068944461243869215e-01
1.095696070052340348e-01
1.045814679304166855e-01
1.088212312248289793e-01
1.114517596805222471e-01
1.136130847951736661e-01
1.125790469282796080e-01
9.887389829885938342e-02
9.585577502731733313e-02
1.086091872463417485e-01
1.039763611609735711e-01
1.010765241353176747e-01
1.057147478883157660e-01
1.027868927400140825e-01
9.632878532859688592e-02
1.038518037656363524e-01
9.097877282942296029e-02
9.885523819893492214e-02
1.019676366133887013e-01
9.269468597757737904e-02
9.132872866088614927e-02
9.212053773916159538e-02
9.001075210219484923e-02
8.333543607117313567e-02
9.412294023093066564e-02
9.924864775879344014e-02
9.253577836385926125e-02
9.719279408023341615e-02
9.236187496366085603e-02
9.048058672018054194e-02
8.854055476074790265e-02
8.325984996647919911e-02
8.837114722863378957e-02
9.943911727500988340e-02
9.514328650623787853e-02
9.473759442683343801e-02
9.067720144652081926e-02
8.427533740150032482e-02
8.624808113921936248e-02
8.284135046033824779e-02
8.165022294038058737e-02
8.324177592608923704e-02
8.436916147778153463e-02
7.229018371702135293e-02
7.218100692743280311e-02
7.978820458238795876e-02
8.143952019392389219e-02
7.626135291847463415e-02
7.388620126381893749e-02
7.500219553383880022e-02
7.413662883127494774e-02
7.129322369096009748e-02
7.597601732066859570e-02
7.957581978969144321e-02
7.684637034871880101e-02
7.849056051671142453e-02
7.683948676428754843e-02
7.611271739911136536e-02
7.427444783049694244e-02
7.018100517742129063e-02
7.100618908905473314e-02
6.974935153488975859e-02
6.656996175994994713e-02
6.734140701447963173e-02
6.306057774201662136e-02
6.624600035550178012e-02
7.166296658341521353e-02
6.957269732122252359e-02
6.682465297752400446e-02
6.393961011281659723e-02
6.299371125527186699e-02
6.432619107461655383e-02
6.433261991888955533e-02
6.279362291493656434e-02
5.915913525980958515e-02
6.004577991106957446e-02
6.237590492029525951e-02
6.137148501201317857e-02
6.293701354293781969e-02
6.376860053575718335e-02
6.551818312718470094e-02
6.016947573953460721e-02
5.725389894897282839e-02
5.691373941380160201e-02
5.163958536624302376e-02
5.767726805066670376e-02
5.457419076636300936e-02
5.595381091381781274e-02
5.781226419026620073e-02
6.150113050226307942e-02
5.774478296086055923e-02
5.572788409500354506e-02
5.073423365479137748e-02
5.393797228780222719e-02
5.672447018683145908e-02
5.554906620717754012e-02
5.323262007523416051e-02
5.074460371558390387e-02
5.131089713435058736e-02
5.191826033436254539e-02
5.056896388638584816e-02
5.003562500529126766e-02
4.855188906461915810e-02
4.941662666560270312e-02
4.912528844043508036e-02
4.807957176899099044e-02
5.124585101507041218e-02
4.979297462683977826e-02
4.918854038961090885e-02
4.654931026747973627e-02
4.843192498982044208e-02
4.752209661041693900e-02
4.689435879649064831e-02
4.491308525473828445e-02
4.278192971758104646e-02
4.333762369626230349e-02
4.177679420381392311e-02
4.168571620282599671e-02
4.716569252504323323e-02
4.561752767230360661e-02
4.156188194096865907e-02
3.965104372958576373e-02
4.002285470121358379e-02
4.210986936657745705e-02
3.925145482671504177e-02
3.982402730058397927e-02
3.834751568256396931e-02
3.447911079198759388e-02
3.531202843676579939e-02
3.576782959884556440e-02
3.526510439004942182e-02
3.644600359461677014e-02
3.589162243131015229e-02
3.535423353993191742e-02
3.626240350291556891e-02
3.648245387492934227e-02
3.697783248928177696e-02
3.502737058372895618e-02
3.378736713625531823e-02
3.495711436105091580e-02
3.443037772209680408e-02
3.267535418414763138e-02
3.182872612538525936e-02
3.189696484968558565e-02
3.187983726351147767e-02
3.433627090003293220e-02
3.259887119701388586e-02
3.233698720953528949e-02
3.091253549538265297e-02
3.061937614259744450e-02
3.014620798401126262e-02
2.949405979261210745e-02
2.844955162134623142e-02
2.879932073648922702e-02
3.092277441716611772e-02
3.110545725097194417e-02
2.942216937079624936e-02
2.816886933483167890e-02
2.798501944681336395e-02
2.655206236727462171e-02
2.609817092784393749e-02
2.661833729535241153e-02
2.650274147745104725e-02
2.551946566183091805e-02
2.469306306985185467e-02
2.528991296174163891e-02
2.716634529833135414e-02
2.609443882953608670e-02
2.467302758820267769e-02
2.492074248991899346e-02
2.459536918277379844e-02
2.433921720373567743e-02
2.366248076406048118e-02
2.371180391072299706e-02
2.333756533729979335e-02
2.326550641445969056e-02
2.216838643865135655e-02
2.149118887626810109e-02
2.196611159151253684e-02
2.251483314982002937e-02
2.234192360846217612e-02
2.115361635886371314e-02
2.162635490216557876e-02
2.192069376465387298e-02
2.054379710749990734e-02
1.926327669989160232e-02
1.920740586024637792e-02
2.024590621863503123e-02
1.953060299558805751e-02
2.025092517272228387e-02
1.928945085308380117e-02
1.920557680132398137e-02
2.016527271823127451e-02
1.825817919205901391e-02
1.827676651033423305e-02
1.849990920741226980e-02
1.821686706031293637e-02
1.775829964809001044e-02
1.816705145766582541e-02
1.840904986398017584e-02
1.779074937656515212e-02
1.772752770197884298e-02
1.770442040613627935e-02
1.644150683230309953e-02
1.635808786263934916e-02
1.618034166177507657e-02
1.648562600584309659e-02
1.677062666993689097e-02
1.569677113017301992e-02
1.575709387212934770e-02
1.576298758462977428e-02
1.620708575306562677e-02
1.600707824209602476e-02
1.632248974232786490e-02
1.582606337712329225e-02
1.585205832568619549e-02
1.531492686742228979e-02
1.475257680329070467e-02
1.360982607181492922e-02
1.336620995979359572e-02
1.340474584387034949e-02
1.394218162131806958e-02
1.372092525074765368e-02
1.294043118018458477e-02
1.296496249568458541e-02
1.219374996551324426e-02
1.305339340603601204e-02
1.343549657046999926e-02
1.290701318159863560e-02
1.244392925831217488e-02
1.202859934323669520e-02
1.240726121184230341e-02
1.198729044570508336e-02
1.180998450345183137e-02
1.124780372214050604e-02
1.093636556521671542e-02
1.125677916980257105e-02
1.048619731373439702e-02
1.112065873426458344e-02
1.118910179101335542e-02
1.115185486003380036e-02
1.080885954446091438e-02
1.056271607394557339e-02
1.019141799580091344e-02
9.913563494782701158e-03
1.032283349746464761e-02
1.025996228529537854e-02
1.019175921215081763e-02
9.849067318379685007e-03
9.878862172132314018e-03
9.389560335467993582e-03
9.601509435502347117e-03
9.429936733987049832e-03
9.502220699872393136e-03
9.196120588178311947e-03
9.308385046177586677e-03
8.525364077947237759e-03
8.640447862559708439e-03
8.973768271338186317e-03
8.932550368555437076e-03
8.625884937891932849e-03
8.557247945604752951e-03
7.935211634529150751e-03
7.998939836608308721e-03
7.956783160256263379e-03
7.981638336530915215e-03
7.788041974764731493e-03
7.264346018392559695e-03
7.591212151007260475e-03
7.843099174230374129e-03
7.906087580630858508e-03
8.208538941543547587e-03
7.555413101241569354e-03
6.825000999143422849e-03
6.905286639424240182e-03
7.114578193333767273e-03
7.216981219626145312e-03
6.973583934792106781e-03
6.739066682770944970e-03
6.871738020654742304e-03
6.924879702712295575e-03
6.598483969151100123e-03
6.666178459530260232e-03
6.253456647271652194e-03
6.283191939587716261e-03
6.090612130542927619e-03
6.071447162815758053e-03
6.083064866118117336e-03
6.155401536240733690e-03
6.097607926450056975e-03
6.155427563766828133e-03
5.777569307275658671e-03
6.027037605837633379e-03
5.911614185663306709e-03
6.045483281949175745e-03
5.783142455644476806e-03
5.398288931010568337e-03
5.277786108843742635e-03
5.227973444240447722e-03
5.204426975014315657e-03
5.133789923964163573e-03
5.123007947243145635e-03
5.179473270697922821e-03
5.073200058755005133e-03
4.938267411665930168e-03
4.836060751224595215e-03
4.912893649607600992e-03
4.624241758381591322e-03
4.719966689961978094e-03
4.608687272902316397e-03
4.651128041559833733e-03
4.387410744791321072e-03
4.485849265174978416e-03
4.385676398458594055e-03
4.423219876295460609e-03
4.423352440342115388e-03
4.465056608972432610e-03
4.469026869321149863e-03
4.216405962613314906e-03
4.097464333170246047e-03
4.161638209265450077e-03
4.134870832415121766e-03
4.238195258489374159e-03
4.097609453683702038e-03
3.925779815596973539e-03
3.901845714900378619e-03
3.929276292562591116e-03
4.051806108992179675e-03
3.894964527536047723e-03
3.650994130960976292e-03
3.742345084849564227e-03
3.621817365873542232e-03
3.485261535970772886e-03
3.655390776421839263e-03
3.508112668862251905e-03
3.514432728387813665e-03
3.410442171997193472e-03
3.428952383906516254e-03
3.379286365713677666e-03
3.273683092914070857e-03
3.368706591028721147e-03
3.367014580531781705e-03
3.379608484091820107e-03
3.200914422789783668e-03
3.091103300399150860e-03
3.126908394526433516e-03
3.159112367280162391e-03
3.147674680155288039e-03
3.097538726845891575e-03
2.967023732137954485e-03
2.959188312248097353e-03
2.916940606427551649e-03
3.076835454363108322e-03
3.040850463990088862e-03
2.889616828661722807e-03
2.861564527032636751e-03
2.885632570700173271e-03
2.855859995638782879e-03
2.914613126966865333e-03
2.838719506366211513e-03
2.793556042864341407e-03
2.731301684389708748e-03
2.760096064316941607e-03
2.696910253630809343e-03
2.574613833520626987e-03
2.582247315875993519e-03
2.574283168389338624e-03
2.544722130038499196e-03
2.481284762847146396e-03
2.468481762448092743e-03
2.537637228341269209e-03
2.583357970031750338e-03
2.537012684421065777e-03
2.429812804004717348e-03
2.385662175680092634e-03
2.394315993048004229e-03
2.280044548347159080e-03
2.151293703358897469e-03
2.221236546801402464e-03
2.208171169247626856e-03
2.241337224389297871e-03
2.196522953920734302e-03
2.135983133846567229e-03
2.088309525939057495e-03
2.118584956300085739e-03
1.984949278138694543e-03
2.124838418598034694e-03
2.083865528841023773e-03
1.987148655504601333e-03
2.036307400174565147e-03
2.029978641808882073e-03
2.011019339028354176e-03
1.928838447437428031e-03
1.879354757653671319e-03
1.828912603634395969e-03
1.869205604335946822e-03
1.923434416483736295e-03
1.888551363426332029e-03
1.839164901534806780e-03
1.764656632791380140e-03
1.754566743466537838e-03
1.734213142525012916e-03
1.736905315497462750e-03
1.669533206187562855e-03
1.696690333066145241e-03
1.690386505721526607e-03
1.645355402953946507e-03
1.597759684357708768e-03
1.624667832509174440e-03
1.660538665539236600e-03
1.619138730926624132e-03
1.602905425851066171e-03
1.601886273363835322e-03
1.583155550700996242e-03
1.603421507118314195e-03
1.523337921575920869e-03
1.512160104859963184e-03
1.497875102286598103e-03
1.448159266874112731e-03
1.470773431816485436e-03
1.428891047357950085e-03
1.427223878480914782e-03
1.387463531942016281e-03
1.371804352950012872e-03
1.367828991541689436e-03
1.377070194207088982e-03
1.360385549034643250e-03
1.370815347933223736e-03
1.381896857163530121e-03
1.320257296690061002e-03
1.323812949400680200e-03
1.274234337775649855e-03
1.299758254265895264e-03
1.275623241744253556e-03
1.230975681849380381e-03
1.186843310612454953e-03
1.182519684599351965e-03
1.160323272636214383e-03
1.198832594287133112e-03
1.144761610550167714e-03
1.186952108935098588e-03
1.179454368596370793e-03
1.146570067542932369e-03
1.120697424683744477e-03
1.147307016607366495e-03
1.093545940611728284e-03
1.059278038290519062e-03
1.039604295661936736e-03
1.028836394378207161e-03
1.070784827566286087e-03
1.050287370613279874e-03
1.023812913691547798e-03
9.872128484591546124e-04
9.906125185223299805e-04
1.003625031691939397e-03
1.041938616624308754e-03
1.008680999143155227e-03
1.000948805936956046e-03
9.925896684137083814e-04
9.448406481483247925e-04
9.515037640968388886e-04
9.784901374936408672e-04
9.954860116408324657e-04
9.632866285702033123e-04
9.567900578071464454e-04
8.953758792036413264e-04
8.785195297218998311e-04
8.982447688149819203e-04
9.023123952323830119e-04
8.923523064468750479e-04
8.645062592134728635e-04
8.577399505264868881e-04
8.591369757037180515e-04
8.457271774108508777e-04
8.163264635956282798e-04
8.212619767458511884e-04
7.955141489146877508e-04
8.247578151558274595e-04
7.963109890991719756e-04
7.759099183350133674e-04
7.728562785812517506e-04
7.692155498138863274e-04
7.614481218354613888e-04
7.470737741712227958e-04
7.675660844449292558e-04
7.525401266226733939e-04
7.701216832656544720e-04
7.623252525535128285e-04
7.393328181544803505e-04
7.254478214457748403e-04
7.252205465038672784e-04
7.006460156145206085e-04
6.980498693616774388e-04
6.926307978792166494e-04
6.971922127475077774e-04
6.769717747590851820e-04
6.825683531169769985e-04
6.715681803416933930e-04
6.866464815303626335e-04
6.834294298693681206e-04
6.749553520277990328e-04
6.683914035782727477e-04
6.369061042286221696e-04
6.496184608344152513e-04
6.362155932109997240e-04
6.260771692968476482e-04
6.127159896387739287e-04
6.046171878833755259e-04
6.286659170961390874e-04
6.286987250363446729e-04
6.243197222173668811e-04
6.013622533905347168e-04
5.925277930588214404e-04
5.758332407292336263e-04
5.913211362329641582e-04
5.784923153971105588e-04
5.713815396454412178e-04
5.703560071545553216e-04
5.933670261157037015e-04
5.859321366054074873e-04
5.767228285107628156e-04
5.600127800819507812e-04
5.363494997848761202e-04
5.329234242069988805e-04
5.238790213693437841e-04
5.009277463341384488e-04
5.140075386738867736e-04
5.172354736884262694e-04
5.161759229104750501e-04
4.949943468930015312e-04
4.869180025700206691e-04
4.971602374603828088e-04
5.041289719326418539e-04
5.008462712384146448e-04
4.973716924854850027e-04
4.964897240542699057e-04
4.931133911083675821e-04
4.819036929129452262e-04
4.638923201330323164e-04
4.650848527082805531e-04
4.719561556824871849e-04
4.582108205000974630e-04
4.663490254547891724e-04
4.708748153171706343e-04
4.539846280249920868e-04
4.587951222561146430e-04
4.669172333342272809e-04
4.533564547506719884e-04
4.517480504185830172e-04
4.437820047896909293e-04
4.432901572090656365e-04
4.488144148267158001e-04
4.519599653637906291e-04
4.261444795924387244e-04
4.230720391015772050e-04
4.184354669608028035e-04
4.205921869514178484e-04
4.191153313928058441e-04
4.035730283634804080e-04
4.113223272458221185e-04
4.215894608890574332e-04
4.165303894327379813e-04
4.095606626323111655e-04
3.983994577386432861e-04
3.981086248570058091e-04
4.176603638304409631e-04
4.095772753980682812e-04
3.987298291548986139e-04
4.143426117273089427e-04
4.051641230714764165e-04
3.951779320832777219e-04
3.920643504631332512e-04
3.739557145250245224e-04
3.775529698511067254e-04
3.935890843343939219e-04
3.830205154204106995e-04
3.779422519894906152e-04
3.756236268641782467e-04
3.823702990199689825e-04
3.787225575107645067e-04
3.846397637879595162e-04
3.844456775313322768e-04
3.690555185236145310e-04
3.682602515497553379e-04
3.649299592396979832e-04
3.554597579957262171e-04
3.519810090577854631e-04
3.481639732174570561e-04
3.448008786570736731e-04
3.433390685740055374e-04
3.508981118843136496e-04
3.426773694291299186e-04
3.505089516805500924e-04
3.532300697617438037e-04
3.649649622501367871e-04
3.648308773842713171e-04
3.481481049742848541e-04
3.598096245443724328e-04
3.551116683549949060e-04
3.605049833021260731e-04
3.470859170094681579e-04
3.487949252537398174e-04
3.346952675378529621e-04
3.317692710454437266e-04
3.386983263182233805e-04
3.277228033455306319e-04
3.156776916591031942e-04
3.131865610918381591e-04
3.126483665338798592e-04
3.233045774129580572e-04
3.232430819241920617e-04
3.320412256622176325e-04
