1.075088793179056923e+00
1.087524268679176620e+00
1.113400736336539021e+00
1.148400024994009394e+00
1.185737316075625492e+00
1.225242109570479077e+00
1.267042311790345321e+00
1.303234749955658023e+00
1.333265757427694043e+00
1.345785100908988730e+00
1.349648364881042228e+00
1.344407352834337877e+00
1.314024137771844458e+00
1.281781355532838118e+00
1.225296756736190540e+00
1.170449994581462372e+00
1.107649072013147551e+00
1.043721034431859263e+00
9.852215400973258763e-01
9.146427765105885621e-01
8.563147284122890612e-01
8.016499432465130637e-01
7.600916525061105489e-01
7.258742085391484133e-01
6.974220274630392735e-01
6.754426837299177810e-01
6.620781030842014525e-01
6.541652147978059828e-01
6.485030841773375965e-01
6.467558179200691981e-01
6.461441526530899981e-01
6.461898034824574699e-01
6.457029329371526405e-01
6.448626639850879583e-01
6.425060651152875169e-01
6.399060872519219956e-01
6.322831678169418268e-01
6.273124043093538660e-01
6.200954220752440404e-01
6.142277232823556421e-01
6.045335464812325865e-01
5.979870042430281973e-01
5.911671293884492862e-01
5.829322063165324197e-01
5.761955689155079385e-01
5.698872474082534723e-01
5.650891755719835707e-01
5.599047899606827139e-01
5.548056662984253151e-01
5.507268185352393042e-01
5.464727487198248745e-01
5.429310530935858026e-01
5.384467020459171582e-01
5.345332360350782963e-01
5.303330172142864951e-01
5.263512985729001947e-01
5.218048318400597685e-01
5.171593599661917784e-01
5.132952898925522423e-01
5.080118080084632393e-01
5.048266518115549495e-01
5.000941010486427141e-01
4.961664900166400938e-01
4.922802363724549934e-01
4.877789425509512777e-01
4.861393600006314042e-01
4.821256479934397654e-01
4.794575252608897498e-01
4.761954883638411795e-01
4.727195140331696965e-01
4.711485431013029412e-01
4.671745771592274443e-01
4.649247246463144578e-01
4.615993506521363088e-01
4.581701748502981508e-01
4.552701534892586999e-01
4.513010445621227218e-01
4.486273394017624150e-01
4.446280617079790831e-01
4.414435695605140042e-01
4.376545401291871418e-01
4.339789119125064265e-01
4.317631006087989665e-01
4.278775773119825598e-01
4.253398831287332205e-01
4.217395528232429358e-01
4.187083320940709896e-01
4.157886873499078706e-01
4.129377080970515479e-01
4.105337358266489822e-01
4.071031164404986802e-01
4.041790338592350929e-01
4.004936140306578074e-01
3.974586469835085789e-01
3.947307178725348309e-01
3.910618694931861650e-01
3.880766639226755910e-01
3.843653176547249251e-01
3.811034640840153531e-01
3.781787726941127636e-01
3.744646423448964034e-01
3.717993306168996814e-01
3.681810318492049761e-01
3.656884635557939855e-01
3.626510845066914235e-01
3.594868334087832351e-01
3.574042839822091366e-01
3.544438994027234724e-01
3.521479812208451743e-01
3.494370772192438301e-01
3.466308265978697012e-01
3.446079691594960970e-01
3.414357140014607772e-01
3.393167285304265479e-01
3.364534953551240881e-01
3.339706792276023739e-01
3.314408758967026247e-01
3.281470194949087094e-01
3.261256521741909276e-01
3.231134853287158659e-01
3.206758817888498148e-01
3.177661499128940359e-01
3.151347898045052665e-01
3.129273698648941116e-01
3.100231535332160782e-01
3.076798400670688327e-01
3.048872849562599963e-01
3.025090205880157090e-01
3.002585912489899589e-01
2.972689743180333410e-01
2.952341795631187038e-01
2.925111911083135841e-01
2.902667032881728892e-01
2.874630421912419687e-01
2.849634190190504235e-01
2.830499947656746063e-01
2.801538912783096413e-01
2.778743590681722053e-01
2.754623603152754896e-01
2.729145419678692397e-01
2.712804537983579678e-01
2.683699346326995916e-01
2.662722674066924644e-01
2.638487750960744616e-01
2.615671292883307020e-01
2.595501397358443985e-01
2.569546487344035457e-01
2.549813013762340375e-01
2.524553912080741425e-01
2.502815592990246252e-01
2.479018083640305847e-01
2.454661254498021750e-01
2.432918418964553076e-01
2.408697139636574724e-01
2.385175204156245732e-01
2.361273877940312516e-01
2.338454215686824045e-01
2.316023816801965896e-01
2.292825834184165634e-01
2.272286573124163989e-01
2.249547754624682261e-01
2.229351458107459716e-01
2.208601678881738639e-01
2.187772871942284536e-01
2.170351976014790463e-01
2.149458318454272876e-01
2.132218409401673009e-01
2.111646859548147737e-01
2.092974313094542183e-01
2.076985454952438026e-01
2.056406013748257045e-01
2.040145164682185819e-01
2.019573897464605472e-01
2.002069739644679602e-01
1.984421961046818617e-01
1.964338935589267643e-01
1.948345591080113404e-01
1.928688833657798418e-01
1.911596430234285826e-01
1.892974307758838182e-01
1.873872412886994354e-01
1.858600995321519345e-01
1.838089063858037164e-01
1.822394659997145228e-01
1.802890562446005651e-01
1.784922937389194220e-01
1.768030105208512892e-01
1.748947842947691789e-01
1.733362865158682986e-01
1.714338736816631015e-01
1.697324803126542547e-01
1.679522030110223718e-01
1.661228963773312972e-01
1.645837161300948148e-01
1.627442266817595851e-01
1.612048775343351559e-01
1.594474500579264598e-01
1.577925358373024611e-01
1.563064017586869026e-01
1.545355747886406339e-01
1.531491974215331842e-01
1.513935112580153675e-01
1.499915048912608684e-01
1.483886455206594457e-01
1.468956756551082488e-01
1.455214767886873761e-01
1.438034585099994545e-01
1.425527247051219804e-01
1.409099908253839406e-01
1.393514990708621670e-01
1.380868782751373536e-01
1.363617760711109961e-01
1.350926408577781679e-01
1.335295006357881675e-01
1.321399430526690455e-01
1.307320958230167307e-01
1.291169394600547859e-01
1.279806325129866085e-01
1.264020065661248249e-01
1.251248236000588321e-01
1.237577666157745060e-01
1.223073586773105875e-01
1.211827230162863672e-01
1.196119244254410796e-01
1.184297767204864765e-01
1.170052616580912613e-01
1.157367884627961141e-01
1.144767431164216004e-01
1.130547927714568579e-01
1.119248139359076410e-01
1.105664204657953453e-01
1.092420542641427544e-01
1.080352262204886810e-01
1.066393783195923040e-01
1.056074705080740500e-01
1.042913089682895450e-01
1.031091099236488007e-01
1.019063166410349164e-01
1.006513432217474441e-01
9.972080904714007710e-02
9.843532763950686715e-02
9.737569610122323582e-02
9.620404857104955521e-02
9.519053603829200072e-02
9.412064977567764779e-02
9.298834245070762561e-02
9.209372549415742459e-02
9.091278980437426938e-02
8.998024325085504649e-02
8.892296246820921568e-02
8.790046356701658459e-02
8.707256915233775596e-02
8.595507632241428109e-02
8.511603090755186229e-02
8.407770395372032857e-02
8.318351742477866906e-02
8.236286271033678441e-02
8.131896948448918971e-02
8.054195524629662040e-02
7.955917777374146849e-02
7.873842693890925615e-02
7.785867505010268808e-02
7.687445353355336353e-02
7.615648868183720610e-02
7.515223899442399769e-02
7.434970793799471067e-02
7.341850287791097662e-02
7.249495618106460704e-02
7.174905332087931631e-02
7.077699083336586039e-02
7.000424286890050141e-02
6.907626262607831358e-02
6.820132626140275323e-02
6.745850103497560979e-02
6.654726315999445752e-02
6.585522690566025794e-02
6.498695187160406783e-02
6.427012024225867148e-02
6.350638585291716598e-02
6.268099091124823552e-02
6.205389601152801193e-02
6.126630219746848766e-02
6.058101754676175482e-02
5.987117016048278118e-02
5.918754949094818391e-02
5.853537351585473558e-02
5.788764234502644795e-02
5.727225953109850443e-02
5.662491506119057133e-02
5.605721162342787445e-02
5.546671359445801142e-02
5.487519678255580596e-02
5.434144663350089222e-02
5.378491053920324977e-02
5.334485237501315757e-02
5.274651482803691810e-02
5.223831421261059677e-02
5.175494069140892939e-02
5.131685007003350396e-02
5.086885261666765357e-02
5.035703987118730213e-02
4.991573690253080231e-02
4.945662571645827177e-02
4.904996220767567083e-02
4.860361547304840879e-02
4.811844468751926007e-02
4.772608101524423996e-02
4.734112139321278862e-02
4.686540900368004609e-02
4.653627424777970201e-02
4.604198722208809047e-02
4.579913075084068863e-02
4.533055958359558102e-02
4.493093460882198464e-02
4.462071070994348687e-02
4.421354643975178994e-02
4.394975891418931996e-02
4.349599866761022504e-02
4.322356890307847699e-02
4.286154308358200438e-02
4.242867246413489779e-02
4.224042715108377449e-02
4.177149172009042566e-02
4.148528639970505694e-02
4.115299776568491497e-02
4.078820598716983992e-02
4.055644353447945133e-02
4.016022695490507194e-02
3.995942115214166923e-02
3.956390380189177269e-02
3.927904359887199326e-02
3.905656124550418301e-02
3.873935622228839859e-02
3.853965474186252932e-02
3.823090911951720211e-02
3.798804467031488552e-02
3.780473206765515293e-02
3.748269143011865451e-02
3.735699104168600099e-02
3.702050461438347734e-02
3.686290516549626389e-02
3.666518047354175996e-02
3.644843784783747404e-02
3.620741868318358425e-02
3.593402595661747412e-02
3.579015503968779877e-02
3.556273462476803454e-02
3.540361070986011022e-02
3.513476459885003095e-02
3.499767779960383240e-02
3.482967845091011760e-02
3.455168096161387314e-02
3.440125332163836841e-02
3.418853851649433784e-02
3.397415767313417823e-02
3.380526274222032251e-02
3.361908030208581033e-02
3.343435795827004453e-02
3.321338014956523588e-02
3.305751512043885593e-02
3.282089504258858120e-02
3.262141844719410044e-02
3.250853105648972285e-02
3.222057721841041500e-02
3.209090351434890076e-02
3.188905485817655067e-02
3.170462468074157492e-02
3.161073596507570777e-02
3.136178177823081142e-02
3.121810285421331224e-02
3.105357865571875889e-02
3.090258737474218392e-02
3.078409999693379473e-02
3.056174038637048465e-02
3.051088266083646500e-02
3.032875416630739437e-02
3.016775936801631766e-02
3.001128339887307317e-02
2.981746697579533423e-02
2.981449583619198707e-02
2.955333892979527741e-02
2.945954613942026318e-02
2.924630913947978347e-02
2.913867783309300255e-02
2.901115647493567734e-02
2.883104184517906732e-02
2.871714422310267523e-02
2.856839584647394292e-02
2.842994431278559123e-02
2.829064620732513885e-02
2.816259300951494404e-02
2.805540262257716702e-02
2.792061600208491090e-02
2.782994871138514542e-02
2.761685030254391188e-02
2.753628560958162191e-02
2.744881913929646255e-02
2.731821744252344725e-02
2.721956755329934044e-02
2.709654873535435535e-02
2.703986672241813841e-02
2.685723966880865232e-02
2.676260549234303968e-02
2.670191597627927585e-02
2.657939570641764532e-02
2.652143650891911064e-02
2.637001147817336424e-02
2.626214647244169351e-02
2.623853311628677326e-02
2.609652442010458248e-02
2.604318721011833482e-02
2.589237739451078282e-02
2.580834714735399590e-02
2.572675542304056831e-02
2.557307467918931709e-02
2.554474625986466463e-02
2.536222521088777812e-02
2.530727203907125536e-02
2.518472778678683063e-02
2.500313791551374634e-02
2.498122585814784719e-02
2.483518950536573247e-02
2.474862745874236228e-02
2.463735329153870363e-02
2.450831348960291062e-02
2.444943074395817401e-02
2.431365982303342402e-02
2.424618177460070856e-02
2.415638944217773226e-02
2.405157493524411744e-02
2.398118176076494829e-02
2.386764258251366025e-02
2.381057317869528581e-02
2.370474146798421528e-02
2.360673667647685686e-02
2.353074121561238990e-02
2.342884022089956539e-02
2.334717666789017446e-02
2.324858418942212651e-02
2.316556182852127360e-02
2.307516874039212615e-02
2.298270583251569091e-02
2.289170947995502331e-02
2.280750830347293145e-02
2.272100377948788053e-02
2.264345098932720943e-02
2.256438121832007523e-02
2.248389329344145648e-02
2.241098566334107436e-02
2.232251914823193961e-02
2.225860424691415013e-02
2.218381027445067571e-02
2.211075846143189388e-02
2.203124242676350944e-02
2.195351268167424971e-02
2.189840735170785896e-02
2.181155422034737959e-02
2.174973739539265427e-02
2.167162538932399310e-02
2.161437022260927557e-02
2.155606323103732500e-02
2.146954020717731573e-02
2.143113478249525361e-02
2.135256546479641013e-02
2.130789196934357310e-02
2.124723304458816728e-02
2.118476490933486611e-02
2.114586266423423497e-02
2.107296998991381454e-02
2.103284963836507190e-02
2.095114301636159457e-02
2.090785605712081052e-02
2.084512081765337380e-02
2.075020857558790982e-02
2.072787468537271374e-02
2.062085387021941885e-02
2.056659736160671575e-02
2.050323818174237811e-02
2.034151239336446162e-02
2.022820788816755838e-02
1.965976395118579356e-02
